25210.0, {'247379907': 5.0, '252017285': 0, '256201389': 0, '26110729': 6.0, '280120513': 1.0, '32319828': 0, '62426694': 0, 'cluster_1098574052_1098574061_247379905': 0}, {'247379907': 0, '252017285': 0, '256201389': 0, '26110729': 0, '280120513': 0, '32319828': 0, '62426694': 0, 'cluster_1098574052_1098574061_247379905': 0}, {'247379907': 0, '252017285': 0, '256201389': 0, '26110729': 0, '280120513': 0, '32319828': 0, '62426694': 0, 'cluster_1098574052_1098574061_247379905': 0}, 
25220.0, {'247379907': 0, '252017285': 0, '256201389': 0, '26110729': 0, '280120513': 0, '32319828': 0, '62426694': 0, 'cluster_1098574052_1098574061_247379905': 0}, {'247379907': 0, '252017285': 0, '256201389': 0, '26110729': 0, '280120513': 0, '32319828': 0, '62426694': 0, 'cluster_1098574052_1098574061_247379905': 0}, {'247379907': 0, '252017285': 0, '256201389': 0, '26110729': 0, '280120513': 0, '32319828': 0, '62426694': 0, 'cluster_1098574052_1098574061_247379905': 0}, 
25230.0, {'247379907': -2.0, '252017285': 0, '256201389': 0, '26110729': 0, '280120513': 0, '32319828': 0, '62426694': 0, 'cluster_1098574052_1098574061_247379905': 0}, {'247379907': 1, '252017285': 0, '256201389': 0, '26110729': 0, '280120513': 0, '32319828': 0, '62426694': 0, 'cluster_1098574052_1098574061_247379905': 0}, {'247379907': 1, '252017285': 0, '256201389': 0, '26110729': 0, '280120513': 0, '32319828': 0, '62426694': 0, 'cluster_1098574052_1098574061_247379905': 0}, 
25240.0, {'247379907': -2.0, '252017285': 0, '256201389': 0, '26110729': 0, '280120513': -7.0, '32319828': 0, '62426694': 0, 'cluster_1098574052_1098574061_247379905': -11.0}, {'247379907': 1, '252017285': 0, '256201389': 0, '26110729': 0, '280120513': 1, '32319828': 0, '62426694': 0, 'cluster_1098574052_1098574061_247379905': 3}, {'247379907': 1, '252017285': 0, '256201389': 0, '26110729': 0, '280120513': 1, '32319828': 0, '62426694': 0, 'cluster_1098574052_1098574061_247379905': 3}, 
25250.0, {'247379907': -1.0, '252017285': 0, '256201389': 0, '26110729': 0, '280120513': 7.0, '32319828': 0, '62426694': 0, 'cluster_1098574052_1098574061_247379905': 11.0}, {'247379907': 1, '252017285': 0, '256201389': 0, '26110729': 0, '280120513': 0, '32319828': 0, '62426694': 0, 'cluster_1098574052_1098574061_247379905': 0}, {'247379907': 1, '252017285': 0, '256201389': 0, '26110729': 0, '280120513': 0, '32319828': 0, '62426694': 0, 'cluster_1098574052_1098574061_247379905': 0}, 
25260.0, {'247379907': -8.0, '252017285': 0, '256201389': 0, '26110729': -1.0, '280120513': 0, '32319828': 0, '62426694': 0, 'cluster_1098574052_1098574061_247379905': -17.0}, {'247379907': 2, '252017285': 0, '256201389': 0, '26110729': 1, '280120513': 0, '32319828': 0, '62426694': 0, 'cluster_1098574052_1098574061_247379905': 4}, {'247379907': 2, '252017285': 0, '256201389': 0, '26110729': 1, '280120513': 0, '32319828': 0, '62426694': 0, 'cluster_1098574052_1098574061_247379905': 4}, 
25270.0, {'247379907': -2.0, '252017285': 0, '256201389': 0, '26110729': -13.0, '280120513': 0, '32319828': 0, '62426694': 0, 'cluster_1098574052_1098574061_247379905': -2.0}, {'247379907': 2, '252017285': 0, '256201389': 0, '26110729': 1, '280120513': 0, '32319828': 0, '62426694': 0, 'cluster_1098574052_1098574061_247379905': 3}, {'247379907': 3, '252017285': 0, '256201389': 0, '26110729': 2, '280120513': 0, '32319828': 0, '62426694': 0, 'cluster_1098574052_1098574061_247379905': 3}, 
25280.0, {'247379907': 2.0, '252017285': 0, '256201389': 0, '26110729': -13.0, '280120513': 0, '32319828': 0, '62426694': 0, 'cluster_1098574052_1098574061_247379905': 6.0}, {'247379907': 2, '252017285': 0, '256201389': 0, '26110729': 2, '280120513': 0, '32319828': 0, '62426694': 0, 'cluster_1098574052_1098574061_247379905': 1}, {'247379907': 2, '252017285': 0, '256201389': 0, '26110729': 5, '280120513': 0, '32319828': 0, '62426694': 0, 'cluster_1098574052_1098574061_247379905': 1}, 
25290.0, {'247379907': 4.0, '252017285': -9.0, '256201389': 0, '26110729': 27.0, '280120513': 0, '32319828': 0, '62426694': -5.0, 'cluster_1098574052_1098574061_247379905': 13.0}, {'247379907': 2, '252017285': 1, '256201389': 0, '26110729': 0, '280120513': 0, '32319828': 0, '62426694': 1, 'cluster_1098574052_1098574061_247379905': 0}, {'247379907': 2, '252017285': 1, '256201389': 0, '26110729': 0, '280120513': 0, '32319828': 0, '62426694': 1, 'cluster_1098574052_1098574061_247379905': 0}, 
25300.0, {'247379907': 9.0, '252017285': 9.0, '256201389': 0, '26110729': -23.0, '280120513': 0, '32319828': 0, '62426694': -10.0, 'cluster_1098574052_1098574061_247379905': -1.0}, {'247379907': 0, '252017285': 0, '256201389': 0, '26110729': 4, '280120513': 0, '32319828': 0, '62426694': 1, 'cluster_1098574052_1098574061_247379905': 1}, {'247379907': 0, '252017285': 0, '256201389': 0, '26110729': 5, '280120513': 0, '32319828': 0, '62426694': 1, 'cluster_1098574052_1098574061_247379905': 1}, 
25310.0, {'247379907': 0, '252017285': 0, '256201389': 0, '26110729': 12.0, '280120513': 0, '32319828': 0, '62426694': 15.0, 'cluster_1098574052_1098574061_247379905': 1.0}, {'247379907': 0, '252017285': 0, '256201389': 0, '26110729': 1, '280120513': 0, '32319828': 0, '62426694': 0, 'cluster_1098574052_1098574061_247379905': 0}, {'247379907': 0, '252017285': 0, '256201389': 0, '26110729': 1, '280120513': 0, '32319828': 0, '62426694': 0, 'cluster_1098574052_1098574061_247379905': 0}, 
25320.0, {'247379907': -10.0, '252017285': 0, '256201389': 0, '26110729': 11.0, '280120513': 0, '32319828': 0, '62426694': 0, 'cluster_1098574052_1098574061_247379905': -8.0}, {'247379907': 1, '252017285': 0, '256201389': 0, '26110729': 0, '280120513': 0, '32319828': 0, '62426694': 0, 'cluster_1098574052_1098574061_247379905': 1}, {'247379907': 1, '252017285': 0, '256201389': 0, '26110729': 0, '280120513': 0, '32319828': 0, '62426694': 0, 'cluster_1098574052_1098574061_247379905': 2}, 
25330.0, {'247379907': 10.0, '252017285': -1.0, '256201389': 0, '26110729': 0, '280120513': 0, '32319828': 0, '62426694': -2.0, 'cluster_1098574052_1098574061_247379905': -6.0}, {'247379907': 0, '252017285': 1, '256201389': 0, '26110729': 0, '280120513': 0, '32319828': 0, '62426694': 1, 'cluster_1098574052_1098574061_247379905': 1}, {'247379907': 0, '252017285': 1, '256201389': 0, '26110729': 0, '280120513': 0, '32319828': 0, '62426694': 1, 'cluster_1098574052_1098574061_247379905': 1}, 
25340.0, {'247379907': -3.0, '252017285': 1.0, '256201389': 0, '26110729': 0, '280120513': 0, '32319828': 0, '62426694': -10.0, 'cluster_1098574052_1098574061_247379905': 14.0}, {'247379907': 1, '252017285': 0, '256201389': 0, '26110729': 0, '280120513': 0, '32319828': 0, '62426694': 1, 'cluster_1098574052_1098574061_247379905': 0}, {'247379907': 1, '252017285': 0, '256201389': 0, '26110729': 0, '280120513': 0, '32319828': 0, '62426694': 1, 'cluster_1098574052_1098574061_247379905': 0}, 
25350.0, {'247379907': -8.0, '252017285': 0, '256201389': 0, '26110729': -11.0, '280120513': 0, '32319828': 0, '62426694': 12.0, 'cluster_1098574052_1098574061_247379905': -5.0}, {'247379907': 1, '252017285': 0, '256201389': 0, '26110729': 1, '280120513': 0, '32319828': 0, '62426694': 0, 'cluster_1098574052_1098574061_247379905': 2}, {'247379907': 2, '252017285': 0, '256201389': 0, '26110729': 2, '280120513': 0, '32319828': 0, '62426694': 0, 'cluster_1098574052_1098574061_247379905': 2}, 
25360.0, {'247379907': 11.0, '252017285': 0, '256201389': 0, '26110729': 11.0, '280120513': 0, '32319828': 0, '62426694': -2.0, 'cluster_1098574052_1098574061_247379905': 5.0}, {'247379907': 0, '252017285': 0, '256201389': 0, '26110729': 0, '280120513': 0, '32319828': 0, '62426694': 1, 'cluster_1098574052_1098574061_247379905': 0}, {'247379907': 0, '252017285': 0, '256201389': 0, '26110729': 0, '280120513': 0, '32319828': 0, '62426694': 1, 'cluster_1098574052_1098574061_247379905': 0}, 
25370.0, {'247379907': 0, '252017285': 0, '256201389': 0, '26110729': -18.0, '280120513': 0, '32319828': 0, '62426694': -9.0, 'cluster_1098574052_1098574061_247379905': -4.0}, {'247379907': 0, '252017285': 0, '256201389': 0, '26110729': 2, '280120513': 0, '32319828': 0, '62426694': 2, 'cluster_1098574052_1098574061_247379905': 1}, {'247379907': 0, '252017285': 0, '256201389': 0, '26110729': 2, '280120513': 0, '32319828': 0, '62426694': 2, 'cluster_1098574052_1098574061_247379905': 1}, 
25380.0, {'247379907': -14.0, '252017285': 0, '256201389': 0, '26110729': 14.0, '280120513': 0, '32319828': 0, '62426694': 11.0, 'cluster_1098574052_1098574061_247379905': 4.0}, {'247379907': 1, '252017285': 0, '256201389': 0, '26110729': 1, '280120513': 0, '32319828': 0, '62426694': 0, 'cluster_1098574052_1098574061_247379905': 0}, {'247379907': 2, '252017285': 0, '256201389': 0, '26110729': 1, '280120513': 0, '32319828': 0, '62426694': 0, 'cluster_1098574052_1098574061_247379905': 0}, 
25390.0, {'247379907': 13.0, '252017285': -4.0, '256201389': 0, '26110729': 4.0, '280120513': 0, '32319828': 0, '62426694': 0, 'cluster_1098574052_1098574061_247379905': 0}, {'247379907': 1, '252017285': 1, '256201389': 0, '26110729': 0, '280120513': 0, '32319828': 0, '62426694': 0, 'cluster_1098574052_1098574061_247379905': 0}, {'247379907': 1, '252017285': 1, '256201389': 0, '26110729': 0, '280120513': 0, '32319828': 0, '62426694': 0, 'cluster_1098574052_1098574061_247379905': 0}, 
25400.0, {'247379907': 1.0, '252017285': 4.0, '256201389': 0, '26110729': 0, '280120513': 0, '32319828': 0, '62426694': 0, 'cluster_1098574052_1098574061_247379905': -1.0}, {'247379907': 0, '252017285': 0, '256201389': 0, '26110729': 0, '280120513': 0, '32319828': 0, '62426694': 0, 'cluster_1098574052_1098574061_247379905': 1}, {'247379907': 0, '252017285': 0, '256201389': 0, '26110729': 0, '280120513': 0, '32319828': 0, '62426694': 0, 'cluster_1098574052_1098574061_247379905': 1}, 
25410.0, {'247379907': -5.0, '252017285': 0, '256201389': 0, '26110729': 0, '280120513': -6.0, '32319828': 0, '62426694': -7.0, 'cluster_1098574052_1098574061_247379905': -2.0}, {'247379907': 1, '252017285': 0, '256201389': 0, '26110729': 0, '280120513': 1, '32319828': 0, '62426694': 1, 'cluster_1098574052_1098574061_247379905': 1}, {'247379907': 1, '252017285': 0, '256201389': 0, '26110729': 0, '280120513': 1, '32319828': 0, '62426694': 2, 'cluster_1098574052_1098574061_247379905': 1}, 
25420.0, {'247379907': 5.0, '252017285': 0, '256201389': 0, '26110729': 0, '280120513': 6.0, '32319828': 0, '62426694': 7.0, 'cluster_1098574052_1098574061_247379905': 3.0}, {'247379907': 0, '252017285': 0, '256201389': 0, '26110729': 0, '280120513': 0, '32319828': 0, '62426694': 0, 'cluster_1098574052_1098574061_247379905': 0}, {'247379907': 0, '252017285': 0, '256201389': 0, '26110729': 0, '280120513': 0, '32319828': 0, '62426694': 0, 'cluster_1098574052_1098574061_247379905': 0}, 
25430.0, {'247379907': -11.0, '252017285': -10.0, '256201389': 0, '26110729': 0, '280120513': 0, '32319828': 0, '62426694': 0, 'cluster_1098574052_1098574061_247379905': 0}, {'247379907': 1, '252017285': 1, '256201389': 0, '26110729': 0, '280120513': 0, '32319828': 0, '62426694': 0, 'cluster_1098574052_1098574061_247379905': 0}, {'247379907': 2, '252017285': 1, '256201389': 0, '26110729': 0, '280120513': 0, '32319828': 0, '62426694': 0, 'cluster_1098574052_1098574061_247379905': 0}, 
25440.0, {'247379907': -2.0, '252017285': 10.0, '256201389': 0, '26110729': -7.0, '280120513': 0, '32319828': 0, '62426694': 0, 'cluster_1098574052_1098574061_247379905': 0}, {'247379907': 1, '252017285': 0, '256201389': 0, '26110729': 1, '280120513': 0, '32319828': 0, '62426694': 0, 'cluster_1098574052_1098574061_247379905': 0}, {'247379907': 1, '252017285': 0, '256201389': 0, '26110729': 1, '280120513': 0, '32319828': 0, '62426694': 0, 'cluster_1098574052_1098574061_247379905': 0}, 
25450.0, {'247379907': 7.0, '252017285': 0, '256201389': 0, '26110729': 7.0, '280120513': 0, '32319828': 0, '62426694': -2.0, 'cluster_1098574052_1098574061_247379905': -8.0}, {'247379907': 1, '252017285': 0, '256201389': 0, '26110729': 0, '280120513': 0, '32319828': 0, '62426694': 1, 'cluster_1098574052_1098574061_247379905': 1}, {'247379907': 1, '252017285': 0, '256201389': 0, '26110729': 0, '280120513': 0, '32319828': 0, '62426694': 1, 'cluster_1098574052_1098574061_247379905': 1}, 
25460.0, {'247379907': 6.0, '252017285': 0, '256201389': 0, '26110729': 0, '280120513': 0, '32319828': 0, '62426694': 2.0, 'cluster_1098574052_1098574061_247379905': 8.0}, {'247379907': 0, '252017285': 0, '256201389': 0, '26110729': 0, '280120513': 0, '32319828': 0, '62426694': 0, 'cluster_1098574052_1098574061_247379905': 0}, {'247379907': 0, '252017285': 0, '256201389': 0, '26110729': 0, '280120513': 0, '32319828': 0, '62426694': 0, 'cluster_1098574052_1098574061_247379905': 0}, 
25470.0, {'247379907': 0, '252017285': 0, '256201389': 0, '26110729': 0, '280120513': 0, '32319828': 0, '62426694': 0, 'cluster_1098574052_1098574061_247379905': 0}, {'247379907': 0, '252017285': 0, '256201389': 0, '26110729': 0, '280120513': 0, '32319828': 0, '62426694': 0, 'cluster_1098574052_1098574061_247379905': 0}, {'247379907': 0, '252017285': 0, '256201389': 0, '26110729': 0, '280120513': 0, '32319828': 0, '62426694': 0, 'cluster_1098574052_1098574061_247379905': 0}, 
25480.0, {'247379907': -5.0, '252017285': 0, '256201389': 0, '26110729': -6.0, '280120513': 0, '32319828': 0, '62426694': -1.0, 'cluster_1098574052_1098574061_247379905': 0}, {'247379907': 1, '252017285': 0, '256201389': 0, '26110729': 1, '280120513': 0, '32319828': 0, '62426694': 1, 'cluster_1098574052_1098574061_247379905': 0}, {'247379907': 1, '252017285': 0, '256201389': 0, '26110729': 1, '280120513': 0, '32319828': 0, '62426694': 1, 'cluster_1098574052_1098574061_247379905': 0}, 
25490.0, {'247379907': 5.0, '252017285': 0, '256201389': 0, '26110729': -2.0, '280120513': 0, '32319828': 0, '62426694': 1.0, 'cluster_1098574052_1098574061_247379905': 0}, {'247379907': 0, '252017285': 0, '256201389': 0, '26110729': 1, '280120513': 0, '32319828': 0, '62426694': 0, 'cluster_1098574052_1098574061_247379905': 0}, {'247379907': 0, '252017285': 0, '256201389': 0, '26110729': 1, '280120513': 0, '32319828': 0, '62426694': 0, 'cluster_1098574052_1098574061_247379905': 0}, 
25500.0, {'247379907': 0, '252017285': 0, '256201389': 0, '26110729': 7.0, '280120513': 0, '32319828': 0, '62426694': 0, 'cluster_1098574052_1098574061_247379905': 0}, {'247379907': 0, '252017285': 0, '256201389': 0, '26110729': 1, '280120513': 0, '32319828': 0, '62426694': 0, 'cluster_1098574052_1098574061_247379905': 0}, {'247379907': 0, '252017285': 0, '256201389': 0, '26110729': 1, '280120513': 0, '32319828': 0, '62426694': 0, 'cluster_1098574052_1098574061_247379905': 0}, 
25510.0, {'247379907': 0, '252017285': 0, '256201389': 0, '26110729': -3.0, '280120513': 0, '32319828': 0, '62426694': 0, 'cluster_1098574052_1098574061_247379905': 0}, {'247379907': 0, '252017285': 0, '256201389': 0, '26110729': 1, '280120513': 0, '32319828': 0, '62426694': 0, 'cluster_1098574052_1098574061_247379905': 0}, {'247379907': 0, '252017285': 0, '256201389': 0, '26110729': 1, '280120513': 0, '32319828': 0, '62426694': 0, 'cluster_1098574052_1098574061_247379905': 0}, 
25520.0, {'247379907': -4.0, '252017285': 0, '256201389': 0, '26110729': 4.0, '280120513': 0, '32319828': 0, '62426694': 0, 'cluster_1098574052_1098574061_247379905': 0}, {'247379907': 1, '252017285': 0, '256201389': 0, '26110729': 0, '280120513': 0, '32319828': 0, '62426694': 0, 'cluster_1098574052_1098574061_247379905': 0}, {'247379907': 1, '252017285': 0, '256201389': 0, '26110729': 0, '280120513': 0, '32319828': 0, '62426694': 0, 'cluster_1098574052_1098574061_247379905': 0}, 
25530.0, {'247379907': 4.0, '252017285': 0, '256201389': 0, '26110729': 0, '280120513': 0, '32319828': 0, '62426694': 0, 'cluster_1098574052_1098574061_247379905': -10.0}, {'247379907': 0, '252017285': 0, '256201389': 0, '26110729': 0, '280120513': 0, '32319828': 0, '62426694': 0, 'cluster_1098574052_1098574061_247379905': 1}, {'247379907': 0, '252017285': 0, '256201389': 0, '26110729': 0, '280120513': 0, '32319828': 0, '62426694': 0, 'cluster_1098574052_1098574061_247379905': 1}, 
25540.0, {'247379907': -5.0, '252017285': 0, '256201389': 0, '26110729': 0, '280120513': 0, '32319828': 0, '62426694': 0, 'cluster_1098574052_1098574061_247379905': 10.0}, {'247379907': 1, '252017285': 0, '256201389': 0, '26110729': 0, '280120513': 0, '32319828': 0, '62426694': 0, 'cluster_1098574052_1098574061_247379905': 0}, {'247379907': 1, '252017285': 0, '256201389': 0, '26110729': 0, '280120513': 0, '32319828': 0, '62426694': 0, 'cluster_1098574052_1098574061_247379905': 0}, 
25550.0, {'247379907': 5.0, '252017285': 0, '256201389': 0, '26110729': -17.0, '280120513': -3.0, '32319828': 0, '62426694': 0, 'cluster_1098574052_1098574061_247379905': 0}, {'247379907': 0, '252017285': 0, '256201389': 0, '26110729': 2, '280120513': 1, '32319828': 0, '62426694': 0, 'cluster_1098574052_1098574061_247379905': 0}, {'247379907': 0, '252017285': 0, '256201389': 0, '26110729': 2, '280120513': 1, '32319828': 0, '62426694': 0, 'cluster_1098574052_1098574061_247379905': 0}, 
25560.0, {'247379907': 0, '252017285': 0, '256201389': 0, '26110729': 17.0, '280120513': 3.0, '32319828': 0, '62426694': 0, 'cluster_1098574052_1098574061_247379905': 0}, {'247379907': 0, '252017285': 0, '256201389': 0, '26110729': 0, '280120513': 0, '32319828': 0, '62426694': 0, 'cluster_1098574052_1098574061_247379905': 0}, {'247379907': 0, '252017285': 0, '256201389': 0, '26110729': 0, '280120513': 0, '32319828': 0, '62426694': 0, 'cluster_1098574052_1098574061_247379905': 0}, 
25570.0, {'247379907': -7.0, '252017285': -5.0, '256201389': 0, '26110729': 0, '280120513': 0, '32319828': 0, '62426694': 0, 'cluster_1098574052_1098574061_247379905': -2.0}, {'247379907': 1, '252017285': 2, '256201389': 0, '26110729': 0, '280120513': 0, '32319828': 0, '62426694': 0, 'cluster_1098574052_1098574061_247379905': 1}, {'247379907': 1, '252017285': 2, '256201389': 0, '26110729': 0, '280120513': 0, '32319828': 0, '62426694': 0, 'cluster_1098574052_1098574061_247379905': 1}, 
25580.0, {'247379907': 7.0, '252017285': 5.0, '256201389': 0, '26110729': 0, '280120513': 0, '32319828': 0, '62426694': -4.0, 'cluster_1098574052_1098574061_247379905': 2.0}, {'247379907': 0, '252017285': 0, '256201389': 0, '26110729': 0, '280120513': 0, '32319828': 0, '62426694': 1, 'cluster_1098574052_1098574061_247379905': 0}, {'247379907': 0, '252017285': 0, '256201389': 0, '26110729': 0, '280120513': 0, '32319828': 0, '62426694': 1, 'cluster_1098574052_1098574061_247379905': 0}, 
25590.0, {'247379907': -5.0, '252017285': 0, '256201389': 0, '26110729': -6.0, '280120513': 0, '32319828': 0, '62426694': 4.0, 'cluster_1098574052_1098574061_247379905': 0}, {'247379907': 1, '252017285': 0, '256201389': 0, '26110729': 1, '280120513': 0, '32319828': 0, '62426694': 0, 'cluster_1098574052_1098574061_247379905': 0}, {'247379907': 1, '252017285': 0, '256201389': 0, '26110729': 1, '280120513': 0, '32319828': 0, '62426694': 0, 'cluster_1098574052_1098574061_247379905': 0}, 
25600.0, {'247379907': 5.0, '252017285': 0, '256201389': 0, '26110729': 2.0, '280120513': 0, '32319828': 0, '62426694': 0, 'cluster_1098574052_1098574061_247379905': 0}, {'247379907': 0, '252017285': 0, '256201389': 0, '26110729': 1, '280120513': 0, '32319828': 0, '62426694': 0, 'cluster_1098574052_1098574061_247379905': 0}, {'247379907': 0, '252017285': 0, '256201389': 0, '26110729': 1, '280120513': 0, '32319828': 0, '62426694': 0, 'cluster_1098574052_1098574061_247379905': 0}, 
25610.0, {'247379907': 0, '252017285': 0, '256201389': 0, '26110729': -1.0, '280120513': 0, '32319828': 0, '62426694': 0, 'cluster_1098574052_1098574061_247379905': 0}, {'247379907': 0, '252017285': 0, '256201389': 0, '26110729': 1, '280120513': 0, '32319828': 0, '62426694': 0, 'cluster_1098574052_1098574061_247379905': 0}, {'247379907': 0, '252017285': 0, '256201389': 0, '26110729': 1, '280120513': 0, '32319828': 0, '62426694': 0, 'cluster_1098574052_1098574061_247379905': 0}, 
25620.0, {'247379907': -12.0, '252017285': -4.0, '256201389': 0, '26110729': -9.0, '280120513': 0, '32319828': 0, '62426694': -19.0, 'cluster_1098574052_1098574061_247379905': 0}, {'247379907': 2, '252017285': 1, '256201389': 0, '26110729': 2, '280120513': 0, '32319828': 0, '62426694': 1, 'cluster_1098574052_1098574061_247379905': 0}, {'247379907': 2, '252017285': 1, '256201389': 0, '26110729': 3, '280120513': 0, '32319828': 0, '62426694': 2, 'cluster_1098574052_1098574061_247379905': 0}, 
25630.0, {'247379907': 12.0, '252017285': 4.0, '256201389': 0, '26110729': 14.0, '280120513': 0, '32319828': 0, '62426694': 19.0, 'cluster_1098574052_1098574061_247379905': 0}, {'247379907': 0, '252017285': 0, '256201389': 0, '26110729': 0, '280120513': 0, '32319828': 0, '62426694': 0, 'cluster_1098574052_1098574061_247379905': 0}, {'247379907': 0, '252017285': 0, '256201389': 0, '26110729': 0, '280120513': 0, '32319828': 0, '62426694': 0, 'cluster_1098574052_1098574061_247379905': 0}, 
25640.0, {'247379907': 0, '252017285': -2.0, '256201389': 0, '26110729': 0, '280120513': 0, '32319828': 0, '62426694': -4.0, 'cluster_1098574052_1098574061_247379905': -7.0}, {'247379907': 0, '252017285': 1, '256201389': 0, '26110729': 0, '280120513': 0, '32319828': 0, '62426694': 1, 'cluster_1098574052_1098574061_247379905': 2}, {'247379907': 0, '252017285': 1, '256201389': 0, '26110729': 0, '280120513': 0, '32319828': 0, '62426694': 1, 'cluster_1098574052_1098574061_247379905': 2}, 
25650.0, {'247379907': 0, '252017285': 2.0, '256201389': 0, '26110729': 0, '280120513': 0, '32319828': 0, '62426694': -13.0, 'cluster_1098574052_1098574061_247379905': -25.0}, {'247379907': 0, '252017285': 0, '256201389': 0, '26110729': 0, '280120513': 0, '32319828': 0, '62426694': 4, 'cluster_1098574052_1098574061_247379905': 3}, {'247379907': 0, '252017285': 0, '256201389': 0, '26110729': 0, '280120513': 0, '32319828': 0, '62426694': 4, 'cluster_1098574052_1098574061_247379905': 3}, 
25660.0, {'247379907': -34.0, '252017285': 0, '256201389': 0, '26110729': 0, '280120513': 0, '32319828': 0, '62426694': 3.0, 'cluster_1098574052_1098574061_247379905': 32.0}, {'247379907': 4, '252017285': 0, '256201389': 0, '26110729': 0, '280120513': 0, '32319828': 0, '62426694': 2, 'cluster_1098574052_1098574061_247379905': 0}, {'247379907': 7, '252017285': 0, '256201389': 0, '26110729': 0, '280120513': 0, '32319828': 0, '62426694': 2, 'cluster_1098574052_1098574061_247379905': 0}, 
25670.0, {'247379907': -70.0, '252017285': 0, '256201389': 0, '26110729': 0, '280120513': 0, '32319828': 0, '62426694': 6.0, 'cluster_1098574052_1098574061_247379905': 0}, {'247379907': 4, '252017285': 0, '256201389': 0, '26110729': 0, '280120513': 0, '32319828': 0, '62426694': 1, 'cluster_1098574052_1098574061_247379905': 0}, {'247379907': 7, '252017285': 0, '256201389': 0, '26110729': 0, '280120513': 0, '32319828': 0, '62426694': 1, 'cluster_1098574052_1098574061_247379905': 0}, 
25680.0, {'247379907': 81.0, '252017285': 0, '256201389': 0, '26110729': 0, '280120513': 0, '32319828': 0, '62426694': 0.0, 'cluster_1098574052_1098574061_247379905': -10.0}, {'247379907': 1, '252017285': 0, '256201389': 0, '26110729': 0, '280120513': 0, '32319828': 0, '62426694': 1, 'cluster_1098574052_1098574061_247379905': 1}, {'247379907': 2, '252017285': 0, '256201389': 0, '26110729': 0, '280120513': 0, '32319828': 0, '62426694': 1, 'cluster_1098574052_1098574061_247379905': 1}, 
25690.0, {'247379907': -13.0, '252017285': 0, '256201389': 0, '26110729': 0, '280120513': 0, '32319828': 0, '62426694': 8.0, 'cluster_1098574052_1098574061_247379905': 8.0}, {'247379907': 2, '252017285': 0, '256201389': 0, '26110729': 0, '280120513': 0, '32319828': 0, '62426694': 0, 'cluster_1098574052_1098574061_247379905': 1}, {'247379907': 2, '252017285': 0, '256201389': 0, '26110729': 0, '280120513': 0, '32319828': 0, '62426694': 0, 'cluster_1098574052_1098574061_247379905': 1}, 
25700.0, {'247379907': 31.0, '252017285': 0, '256201389': 0, '26110729': -3.0, '280120513': 0, '32319828': 0, '62426694': 0, 'cluster_1098574052_1098574061_247379905': 2.0}, {'247379907': 1, '252017285': 0, '256201389': 0, '26110729': 1, '280120513': 0, '32319828': 0, '62426694': 0, 'cluster_1098574052_1098574061_247379905': 0}, {'247379907': 1, '252017285': 0, '256201389': 0, '26110729': 2, '280120513': 0, '32319828': 0, '62426694': 0, 'cluster_1098574052_1098574061_247379905': 0}, 
25710.0, {'247379907': 5.0, '252017285': -3.0, '256201389': 0, '26110729': -21.0, '280120513': 0, '32319828': 0, '62426694': -8.0, 'cluster_1098574052_1098574061_247379905': -8.0}, {'247379907': 0, '252017285': 1, '256201389': 0, '26110729': 3, '280120513': 0, '32319828': 0, '62426694': 1, 'cluster_1098574052_1098574061_247379905': 1}, {'247379907': 0, '252017285': 1, '256201389': 0, '26110729': 5, '280120513': 0, '32319828': 0, '62426694': 1, 'cluster_1098574052_1098574061_247379905': 1}, 
25720.0, {'247379907': -6.0, '252017285': -10.0, '256201389': 0, '26110729': 24.0, '280120513': 0, '32319828': 0, '62426694': 8.0, 'cluster_1098574052_1098574061_247379905': 8.0}, {'247379907': 1, '252017285': 1, '256201389': 0, '26110729': 0, '280120513': 0, '32319828': 0, '62426694': 0, 'cluster_1098574052_1098574061_247379905': 0}, {'247379907': 1, '252017285': 1, '256201389': 0, '26110729': 0, '280120513': 0, '32319828': 0, '62426694': 0, 'cluster_1098574052_1098574061_247379905': 0}, 
25730.0, {'247379907': 6.0, '252017285': 10.0, '256201389': 0, '26110729': -19.0, '280120513': 0, '32319828': 0, '62426694': -6.0, 'cluster_1098574052_1098574061_247379905': 0}, {'247379907': 0, '252017285': 1, '256201389': 0, '26110729': 4, '280120513': 0, '32319828': 0, '62426694': 1, 'cluster_1098574052_1098574061_247379905': 0}, {'247379907': 0, '252017285': 1, '256201389': 0, '26110729': 6, '280120513': 0, '32319828': 0, '62426694': 1, 'cluster_1098574052_1098574061_247379905': 0}, 
25740.0, {'247379907': 0, '252017285': 3.0, '256201389': 0, '26110729': 8.0, '280120513': 0, '32319828': 0, '62426694': -11.0, 'cluster_1098574052_1098574061_247379905': 0}, {'247379907': 0, '252017285': 0, '256201389': 0, '26110729': 1, '280120513': 0, '32319828': 0, '62426694': 3, 'cluster_1098574052_1098574061_247379905': 0}, {'247379907': 0, '252017285': 0, '256201389': 0, '26110729': 1, '280120513': 0, '32319828': 0, '62426694': 3, 'cluster_1098574052_1098574061_247379905': 0}, 
25750.0, {'247379907': -6.0, '252017285': 0, '256201389': 0, '26110729': -23.0, '280120513': 0, '32319828': 0, '62426694': 17.0, 'cluster_1098574052_1098574061_247379905': 0}, {'247379907': 1, '252017285': 0, '256201389': 0, '26110729': 4, '280120513': 0, '32319828': 0, '62426694': 0, 'cluster_1098574052_1098574061_247379905': 0}, {'247379907': 2, '252017285': 0, '256201389': 0, '26110729': 6, '280120513': 0, '32319828': 0, '62426694': 0, 'cluster_1098574052_1098574061_247379905': 0}, 
25760.0, {'247379907': 6.0, '252017285': 0, '256201389': 0, '26110729': 7.0, '280120513': 0, '32319828': 0, '62426694': 0, 'cluster_1098574052_1098574061_247379905': -6.0}, {'247379907': 0, '252017285': 0, '256201389': 0, '26110729': 3, '280120513': 0, '32319828': 0, '62426694': 0, 'cluster_1098574052_1098574061_247379905': 1}, {'247379907': 0, '252017285': 0, '256201389': 0, '26110729': 3, '280120513': 0, '32319828': 0, '62426694': 0, 'cluster_1098574052_1098574061_247379905': 1}, 
25770.0, {'247379907': -1.0, '252017285': -8.0, '256201389': 0, '26110729': 26.0, '280120513': 0, '32319828': 0, '62426694': 0, 'cluster_1098574052_1098574061_247379905': -4.0}, {'247379907': 1, '252017285': 1, '256201389': 0, '26110729': 1, '280120513': 0, '32319828': 0, '62426694': 0, 'cluster_1098574052_1098574061_247379905': 2}, {'247379907': 1, '252017285': 1, '256201389': 0, '26110729': 1, '280120513': 0, '32319828': 0, '62426694': 0, 'cluster_1098574052_1098574061_247379905': 2}, 
25780.0, {'247379907': 1.0, '252017285': 8.0, '256201389': 0, '26110729': -14.0, '280120513': 0, '32319828': 0, '62426694': 0, 'cluster_1098574052_1098574061_247379905': 9.0}, {'247379907': 0, '252017285': 0, '256201389': 0, '26110729': 2, '280120513': 0, '32319828': 0, '62426694': 0, 'cluster_1098574052_1098574061_247379905': 1}, {'247379907': 0, '252017285': 0, '256201389': 0, '26110729': 4, '280120513': 0, '32319828': 0, '62426694': 0, 'cluster_1098574052_1098574061_247379905': 1}, 
25790.0, {'247379907': -6.0, '252017285': 0, '256201389': 0, '26110729': -75.0, '280120513': 0, '32319828': 0, '62426694': 0, 'cluster_1098574052_1098574061_247379905': 1.0}, {'247379907': 1, '252017285': 0, '256201389': 0, '26110729': 7, '280120513': 0, '32319828': 0, '62426694': 0, 'cluster_1098574052_1098574061_247379905': 0}, {'247379907': 2, '252017285': 0, '256201389': 0, '26110729': 9, '280120513': 0, '32319828': 0, '62426694': 0, 'cluster_1098574052_1098574061_247379905': 0}, 
25800.0, {'247379907': 6.0, '252017285': -2.0, '256201389': 0, '26110729': 7.0, '280120513': -8.0, '32319828': 0, '62426694': 0, 'cluster_1098574052_1098574061_247379905': 0}, {'247379907': 0, '252017285': 1, '256201389': 0, '26110729': 4, '280120513': 1, '32319828': 0, '62426694': 0, 'cluster_1098574052_1098574061_247379905': 0}, {'247379907': 0, '252017285': 1, '256201389': 0, '26110729': 8, '280120513': 1, '32319828': 0, '62426694': 0, 'cluster_1098574052_1098574061_247379905': 0}, 
25810.0, {'247379907': 0, '252017285': 2.0, '256201389': 0, '26110729': 25.0, '280120513': 8.0, '32319828': 0, '62426694': 0, 'cluster_1098574052_1098574061_247379905': 0}, {'247379907': 0, '252017285': 0, '256201389': 0, '26110729': 2, '280120513': 0, '32319828': 0, '62426694': 0, 'cluster_1098574052_1098574061_247379905': 0}, {'247379907': 0, '252017285': 0, '256201389': 0, '26110729': 4, '280120513': 0, '32319828': 0, '62426694': 0, 'cluster_1098574052_1098574061_247379905': 0}, 
25820.0, {'247379907': 0, '252017285': 0, '256201389': 0, '26110729': 58.0, '280120513': 0, '32319828': 0, '62426694': 0, 'cluster_1098574052_1098574061_247379905': 0}, {'247379907': 0, '252017285': 0, '256201389': 0, '26110729': 0, '280120513': 0, '32319828': 0, '62426694': 0, 'cluster_1098574052_1098574061_247379905': 0}, {'247379907': 0, '252017285': 0, '256201389': 0, '26110729': 0, '280120513': 0, '32319828': 0, '62426694': 0, 'cluster_1098574052_1098574061_247379905': 0}, 
25830.0, {'247379907': 0, '252017285': 0, '256201389': 0, '26110729': -9.0, '280120513': 0, '32319828': 0, '62426694': -2.0, 'cluster_1098574052_1098574061_247379905': 0}, {'247379907': 0, '252017285': 0, '256201389': 0, '26110729': 1, '280120513': 0, '32319828': 0, '62426694': 1, 'cluster_1098574052_1098574061_247379905': 0}, {'247379907': 0, '252017285': 0, '256201389': 0, '26110729': 1, '280120513': 0, '32319828': 0, '62426694': 1, 'cluster_1098574052_1098574061_247379905': 0}, 
25840.0, {'247379907': 0, '252017285': 0, '256201389': 0, '26110729': 8.0, '280120513': 0, '32319828': 0, '62426694': 2.0, 'cluster_1098574052_1098574061_247379905': 0}, {'247379907': 0, '252017285': 0, '256201389': 0, '26110729': 1, '280120513': 0, '32319828': 0, '62426694': 0, 'cluster_1098574052_1098574061_247379905': 0}, {'247379907': 0, '252017285': 0, '256201389': 0, '26110729': 1, '280120513': 0, '32319828': 0, '62426694': 0, 'cluster_1098574052_1098574061_247379905': 0}, 
25850.0, {'247379907': 0, '252017285': -10.0, '256201389': 0, '26110729': -43.0, '280120513': 0, '32319828': 0, '62426694': 0, 'cluster_1098574052_1098574061_247379905': 0}, {'247379907': 0, '252017285': 2, '256201389': 0, '26110729': 3, '280120513': 0, '32319828': 0, '62426694': 0, 'cluster_1098574052_1098574061_247379905': 0}, {'247379907': 0, '252017285': 2, '256201389': 0, '26110729': 8, '280120513': 0, '32319828': 0, '62426694': 0, 'cluster_1098574052_1098574061_247379905': 0}, 
25860.0, {'247379907': 0, '252017285': 10.0, '256201389': 0, '26110729': -44.0, '280120513': 0, '32319828': 0, '62426694': 0, 'cluster_1098574052_1098574061_247379905': -7.0}, {'247379907': 0, '252017285': 0, '256201389': 0, '26110729': 8, '280120513': 0, '32319828': 0, '62426694': 0, 'cluster_1098574052_1098574061_247379905': 1}, {'247379907': 0, '252017285': 0, '256201389': 0, '26110729': 10, '280120513': 0, '32319828': 0, '62426694': 0, 'cluster_1098574052_1098574061_247379905': 1}, 
25870.0, {'247379907': 0, '252017285': -10.0, '256201389': 0, '26110729': -122.0, '280120513': 0, '32319828': 0, '62426694': 0, 'cluster_1098574052_1098574061_247379905': 7.0}, {'247379907': 0, '252017285': 1, '256201389': 0, '26110729': 11, '280120513': 0, '32319828': 0, '62426694': 0, 'cluster_1098574052_1098574061_247379905': 0}, {'247379907': 0, '252017285': 1, '256201389': 0, '26110729': 15, '280120513': 0, '32319828': 0, '62426694': 0, 'cluster_1098574052_1098574061_247379905': 0}, 
25880.0, {'247379907': 0, '252017285': -9.0, '256201389': 0, '26110729': -58.0, '280120513': 0, '32319828': 0, '62426694': 0, 'cluster_1098574052_1098574061_247379905': 0}, {'247379907': 0, '252017285': 4, '256201389': 0, '26110729': 13, '280120513': 0, '32319828': 0, '62426694': 0, 'cluster_1098574052_1098574061_247379905': 0}, {'247379907': 0, '252017285': 5, '256201389': 0, '26110729': 17, '280120513': 0, '32319828': 0, '62426694': 0, 'cluster_1098574052_1098574061_247379905': 0}, 
25890.0, {'247379907': 0, '252017285': 6.0, '256201389': 0, '26110729': -68.0, '280120513': 0, '32319828': 0, '62426694': 0, 'cluster_1098574052_1098574061_247379905': 0}, {'247379907': 0, '252017285': 1, '256201389': 0, '26110729': 12, '280120513': 0, '32319828': 0, '62426694': 0, 'cluster_1098574052_1098574061_247379905': 0}, {'247379907': 0, '252017285': 1, '256201389': 0, '26110729': 18, '280120513': 0, '32319828': 0, '62426694': 0, 'cluster_1098574052_1098574061_247379905': 0}, 
25900.0, {'247379907': 0, '252017285': 11.0, '256201389': 0, '26110729': -30.0, '280120513': 0, '32319828': 0, '62426694': 0, 'cluster_1098574052_1098574061_247379905': 0}, {'247379907': 0, '252017285': 1, '256201389': 0, '26110729': 12, '280120513': 0, '32319828': 0, '62426694': 0, 'cluster_1098574052_1098574061_247379905': 0}, {'247379907': 0, '252017285': 1, '256201389': 0, '26110729': 12, '280120513': 0, '32319828': 0, '62426694': 0, 'cluster_1098574052_1098574061_247379905': 0}, 
25910.0, {'247379907': -4.0, '252017285': 2.0, '256201389': 0, '26110729': 14.0, '280120513': 0, '32319828': 0, '62426694': -5.0, 'cluster_1098574052_1098574061_247379905': -5.0}, {'247379907': 1, '252017285': 0, '256201389': 0, '26110729': 9, '280120513': 0, '32319828': 0, '62426694': 1, 'cluster_1098574052_1098574061_247379905': 1}, {'247379907': 1, '252017285': 0, '256201389': 0, '26110729': 14, '280120513': 0, '32319828': 0, '62426694': 1, 'cluster_1098574052_1098574061_247379905': 1}, 
25920.0, {'247379907': -26.0, '252017285': 0, '256201389': 0, '26110729': 14.0, '280120513': 0, '32319828': 0, '62426694': 5.0, 'cluster_1098574052_1098574061_247379905': 5.0}, {'247379907': 2, '252017285': 0, '256201389': 0, '26110729': 6, '280120513': 0, '32319828': 0, '62426694': 0, 'cluster_1098574052_1098574061_247379905': 0}, {'247379907': 3, '252017285': 0, '256201389': 0, '26110729': 13, '280120513': 0, '32319828': 0, '62426694': 0, 'cluster_1098574052_1098574061_247379905': 0}, 
25930.0, {'247379907': 30.0, '252017285': 0, '256201389': 0, '26110729': 89.0, '280120513': 0, '32319828': 0, '62426694': 0, 'cluster_1098574052_1098574061_247379905': 0}, {'247379907': 0, '252017285': 0, '256201389': 0, '26110729': 4, '280120513': 0, '32319828': 0, '62426694': 0, 'cluster_1098574052_1098574061_247379905': 0}, {'247379907': 0, '252017285': 0, '256201389': 0, '26110729': 10, '280120513': 0, '32319828': 0, '62426694': 0, 'cluster_1098574052_1098574061_247379905': 0}, 
25940.0, {'247379907': -11.0, '252017285': -5.0, '256201389': 0, '26110729': 114.0, '280120513': 0, '32319828': 0, '62426694': 0, 'cluster_1098574052_1098574061_247379905': 0}, {'247379907': 1, '252017285': 1, '256201389': 0, '26110729': 3, '280120513': 0, '32319828': 0, '62426694': 0, 'cluster_1098574052_1098574061_247379905': 0}, {'247379907': 2, '252017285': 1, '256201389': 0, '26110729': 4, '280120513': 0, '32319828': 0, '62426694': 0, 'cluster_1098574052_1098574061_247379905': 0}, 
25950.0, {'247379907': 11.0, '252017285': 5.0, '256201389': 0, '26110729': 73.0, '280120513': 0, '32319828': 0, '62426694': -14.0, 'cluster_1098574052_1098574061_247379905': 0}, {'247379907': 0, '252017285': 0, '256201389': 0, '26110729': 3, '280120513': 0, '32319828': 0, '62426694': 3, 'cluster_1098574052_1098574061_247379905': 0}, {'247379907': 0, '252017285': 0, '256201389': 0, '26110729': 9, '280120513': 0, '32319828': 0, '62426694': 3, 'cluster_1098574052_1098574061_247379905': 0}, 
25960.0, {'247379907': 0, '252017285': 0, '256201389': 0, '26110729': 4.0, '280120513': 0, '32319828': 0, '62426694': 14.0, 'cluster_1098574052_1098574061_247379905': 0}, {'247379907': 0, '252017285': 0, '256201389': 0, '26110729': 8, '280120513': 0, '32319828': 0, '62426694': 0, 'cluster_1098574052_1098574061_247379905': 0}, {'247379907': 0, '252017285': 0, '256201389': 0, '26110729': 8, '280120513': 0, '32319828': 0, '62426694': 0, 'cluster_1098574052_1098574061_247379905': 0}, 
25970.0, {'247379907': -19.0, '252017285': 0, '256201389': 0, '26110729': -72.0, '280120513': 0, '32319828': 0, '62426694': -12.0, 'cluster_1098574052_1098574061_247379905': 0}, {'247379907': 2, '252017285': 0, '256201389': 0, '26110729': 8, '280120513': 0, '32319828': 0, '62426694': 2, 'cluster_1098574052_1098574061_247379905': 0}, {'247379907': 3, '252017285': 0, '256201389': 0, '26110729': 15, '280120513': 0, '32319828': 0, '62426694': 2, 'cluster_1098574052_1098574061_247379905': 0}, 
25980.0, {'247379907': -60.0, '252017285': 0, '256201389': 0, '26110729': -57.0, '280120513': 0, '32319828': 0, '62426694': 12.0, 'cluster_1098574052_1098574061_247379905': 0}, {'247379907': 3, '252017285': 0, '256201389': 0, '26110729': 6, '280120513': 0, '32319828': 0, '62426694': 0, 'cluster_1098574052_1098574061_247379905': 0}, {'247379907': 9, '252017285': 0, '256201389': 0, '26110729': 16, '280120513': 0, '32319828': 0, '62426694': 0, 'cluster_1098574052_1098574061_247379905': 0}, 
25990.0, {'247379907': 57.0, '252017285': -4.0, '256201389': 0, '26110729': 16.0, '280120513': 0, '32319828': 0, '62426694': 0, 'cluster_1098574052_1098574061_247379905': 0}, {'247379907': 2, '252017285': 1, '256201389': 0, '26110729': 9, '280120513': 0, '32319828': 0, '62426694': 0, 'cluster_1098574052_1098574061_247379905': 0}, {'247379907': 2, '252017285': 1, '256201389': 0, '26110729': 11, '280120513': 0, '32319828': 0, '62426694': 0, 'cluster_1098574052_1098574061_247379905': 0}, 
26000.0, {'247379907': 6.0, '252017285': 4.0, '256201389': 0, '26110729': -7.0, '280120513': 0, '32319828': 0, '62426694': 0, 'cluster_1098574052_1098574061_247379905': 0}, {'247379907': 2, '252017285': 0, '256201389': 0, '26110729': 7, '280120513': 0, '32319828': 0, '62426694': 0, 'cluster_1098574052_1098574061_247379905': 0}, {'247379907': 3, '252017285': 0, '256201389': 0, '26110729': 9, '280120513': 0, '32319828': 0, '62426694': 0, 'cluster_1098574052_1098574061_247379905': 0}, 
26010.0, {'247379907': 16.0, '252017285': 0, '256201389': 0, '26110729': -20.0, '280120513': 0, '32319828': 0, '62426694': 0, 'cluster_1098574052_1098574061_247379905': 0}, {'247379907': 0, '252017285': 0, '256201389': 0, '26110729': 10, '280120513': 0, '32319828': 0, '62426694': 0, 'cluster_1098574052_1098574061_247379905': 0}, {'247379907': 0, '252017285': 0, '256201389': 0, '26110729': 10, '280120513': 0, '32319828': 0, '62426694': 0, 'cluster_1098574052_1098574061_247379905': 0}, 
26020.0, {'247379907': -6.0, '252017285': 0, '256201389': 0, '26110729': -46.0, '280120513': 0, '32319828': 0, '62426694': 0, 'cluster_1098574052_1098574061_247379905': -10.0}, {'247379907': 1, '252017285': 0, '256201389': 0, '26110729': 11, '280120513': 0, '32319828': 0, '62426694': 0, 'cluster_1098574052_1098574061_247379905': 2}, {'247379907': 2, '252017285': 0, '256201389': 0, '26110729': 13, '280120513': 0, '32319828': 0, '62426694': 0, 'cluster_1098574052_1098574061_247379905': 2}, 
26030.0, {'247379907': -7.0, '252017285': -3.0, '256201389': 0, '26110729': 84.0, '280120513': 0, '32319828': 0, '62426694': 0, 'cluster_1098574052_1098574061_247379905': 10.0}, {'247379907': 4, '252017285': 1, '256201389': 0, '26110729': 9, '280120513': 0, '32319828': 0, '62426694': 0, 'cluster_1098574052_1098574061_247379905': 0}, {'247379907': 4, '252017285': 1, '256201389': 0, '26110729': 16, '280120513': 0, '32319828': 0, '62426694': 0, 'cluster_1098574052_1098574061_247379905': 0}, 
26040.0, {'247379907': -9.0, '252017285': 3.0, '256201389': 0, '26110729': -54.0, '280120513': 0, '32319828': 0, '62426694': 0, 'cluster_1098574052_1098574061_247379905': -5.0}, {'247379907': 3, '252017285': 0, '256201389': 0, '26110729': 10, '280120513': 0, '32319828': 0, '62426694': 0, 'cluster_1098574052_1098574061_247379905': 2}, {'247379907': 5, '252017285': 0, '256201389': 0, '26110729': 12, '280120513': 0, '32319828': 0, '62426694': 0, 'cluster_1098574052_1098574061_247379905': 2}, 
26050.0, {'247379907': -52.0, '252017285': 0, '256201389': 0, '26110729': -42.0, '280120513': 0, '32319828': 0, '62426694': 0, 'cluster_1098574052_1098574061_247379905': 5.0}, {'247379907': 3, '252017285': 0, '256201389': 0, '26110729': 8, '280120513': 0, '32319828': 0, '62426694': 0, 'cluster_1098574052_1098574061_247379905': 0}, {'247379907': 8, '252017285': 0, '256201389': 0, '26110729': 17, '280120513': 0, '32319828': 0, '62426694': 0, 'cluster_1098574052_1098574061_247379905': 0}, 
26060.0, {'247379907': 18.0, '252017285': -12.0, '256201389': 0, '26110729': -67.0, '280120513': 0, '32319828': 0, '62426694': -6.0, 'cluster_1098574052_1098574061_247379905': -21.0}, {'247379907': 5, '252017285': 1, '256201389': 0, '26110729': 8, '280120513': 0, '32319828': 0, '62426694': 1, 'cluster_1098574052_1098574061_247379905': 3}, {'247379907': 5, '252017285': 2, '256201389': 0, '26110729': 12, '280120513': 0, '32319828': 0, '62426694': 1, 'cluster_1098574052_1098574061_247379905': 3}, 
26070.0, {'247379907': 21.0, '252017285': 12.0, '256201389': 0, '26110729': 23.0, '280120513': 0, '32319828': 0, '62426694': 6.0, 'cluster_1098574052_1098574061_247379905': 21.0}, {'247379907': 2, '252017285': 0, '256201389': 0, '26110729': 8, '280120513': 0, '32319828': 0, '62426694': 0, 'cluster_1098574052_1098574061_247379905': 0}, {'247379907': 4, '252017285': 0, '256201389': 0, '26110729': 13, '280120513': 0, '32319828': 0, '62426694': 0, 'cluster_1098574052_1098574061_247379905': 0}, 
26080.0, {'247379907': -12.0, '252017285': -3.0, '256201389': 0, '26110729': -9.0, '280120513': 0, '32319828': 0, '62426694': 0, 'cluster_1098574052_1098574061_247379905': -3.0}, {'247379907': 3, '252017285': 1, '256201389': 0, '26110729': 10, '280120513': 0, '32319828': 0, '62426694': 0, 'cluster_1098574052_1098574061_247379905': 1}, {'247379907': 4, '252017285': 1, '256201389': 0, '26110729': 10, '280120513': 0, '32319828': 0, '62426694': 0, 'cluster_1098574052_1098574061_247379905': 1}, 
26090.0, {'247379907': 30.0, '252017285': 3.0, '256201389': 0, '26110729': 70.0, '280120513': 0, '32319828': 0, '62426694': 0, 'cluster_1098574052_1098574061_247379905': 1.0}, {'247379907': 1, '252017285': 0, '256201389': 0, '26110729': 10, '280120513': 0, '32319828': 0, '62426694': 0, 'cluster_1098574052_1098574061_247379905': 1}, {'247379907': 1, '252017285': 0, '256201389': 0, '26110729': 18, '280120513': 0, '32319828': 0, '62426694': 0, 'cluster_1098574052_1098574061_247379905': 2}, 
26100.0, {'247379907': 0.0, '252017285': 0, '256201389': 0, '26110729': 22.0, '280120513': 0, '32319828': 0, '62426694': 0, 'cluster_1098574052_1098574061_247379905': -40.0}, {'247379907': 2, '252017285': 0, '256201389': 0, '26110729': 8, '280120513': 0, '32319828': 0, '62426694': 0, 'cluster_1098574052_1098574061_247379905': 3}, {'247379907': 3, '252017285': 0, '256201389': 0, '26110729': 18, '280120513': 0, '32319828': 0, '62426694': 0, 'cluster_1098574052_1098574061_247379905': 5}, 
26110.0, {'247379907': 16.0, '252017285': 0, '256201389': 0, '26110729': -149.0, '280120513': 0, '32319828': 0, '62426694': 0, 'cluster_1098574052_1098574061_247379905': 42.0}, {'247379907': 1, '252017285': 0, '256201389': 0, '26110729': 10, '280120513': 0, '32319828': 0, '62426694': 0, 'cluster_1098574052_1098574061_247379905': 0}, {'247379907': 1, '252017285': 0, '256201389': 0, '26110729': 22, '280120513': 0, '32319828': 0, '62426694': 0, 'cluster_1098574052_1098574061_247379905': 0}, 
26120.0, {'247379907': -20.0, '252017285': -8.0, '256201389': 0, '26110729': 29.0, '280120513': -8.0, '32319828': 0, '62426694': 0, 'cluster_1098574052_1098574061_247379905': -4.0}, {'247379907': 2, '252017285': 1, '256201389': 0, '26110729': 11, '280120513': 1, '32319828': 0, '62426694': 0, 'cluster_1098574052_1098574061_247379905': 1}, {'247379907': 3, '252017285': 1, '256201389': 0, '26110729': 15, '280120513': 1, '32319828': 0, '62426694': 0, 'cluster_1098574052_1098574061_247379905': 1}, 
26130.0, {'247379907': -15.0, '252017285': 8.0, '256201389': 0, '26110729': -36.0, '280120513': -2.0, '32319828': 0, '62426694': 0, 'cluster_1098574052_1098574061_247379905': -9.0}, {'247379907': 1, '252017285': 0, '256201389': 0, '26110729': 15, '280120513': 1, '32319828': 0, '62426694': 0, 'cluster_1098574052_1098574061_247379905': 2}, {'247379907': 4, '252017285': 0, '256201389': 0, '26110729': 16, '280120513': 2, '32319828': 0, '62426694': 0, 'cluster_1098574052_1098574061_247379905': 2}, 
26140.0, {'247379907': 13.0, '252017285': -1.0, '256201389': 0, '26110729': -121.0, '280120513': 10.0, '32319828': 0, '62426694': -15.0, 'cluster_1098574052_1098574061_247379905': 13.0}, {'247379907': 4, '252017285': 1, '256201389': 0, '26110729': 20, '280120513': 0, '32319828': 0, '62426694': 2, 'cluster_1098574052_1098574061_247379905': 0}, {'247379907': 4, '252017285': 1, '256201389': 0, '26110729': 21, '280120513': 0, '32319828': 0, '62426694': 2, 'cluster_1098574052_1098574061_247379905': 0}, 
26150.0, {'247379907': 1.0, '252017285': 1.0, '256201389': 0, '26110729': -172.0, '280120513': 0, '32319828': 0, '62426694': 15.0, 'cluster_1098574052_1098574061_247379905': 0}, {'247379907': 1, '252017285': 0, '256201389': 0, '26110729': 21, '280120513': 0, '32319828': 0, '62426694': 0, 'cluster_1098574052_1098574061_247379905': 0}, {'247379907': 3, '252017285': 0, '256201389': 0, '26110729': 21, '280120513': 0, '32319828': 0, '62426694': 0, 'cluster_1098574052_1098574061_247379905': 0}, 
26160.0, {'247379907': -3.0, '252017285': -4.0, '256201389': 0, '26110729': -12.0, '280120513': 0, '32319828': 0, '62426694': -2.0, 'cluster_1098574052_1098574061_247379905': 0}, {'247379907': 2, '252017285': 1, '256201389': 0, '26110729': 18, '280120513': 0, '32319828': 0, '62426694': 1, 'cluster_1098574052_1098574061_247379905': 0}, {'247379907': 2, '252017285': 1, '256201389': 0, '26110729': 22, '280120513': 0, '32319828': 0, '62426694': 1, 'cluster_1098574052_1098574061_247379905': 0}, 
26170.0, {'247379907': -26.0, '252017285': 4.0, '256201389': 0, '26110729': 73.0, '280120513': 0, '32319828': 0, '62426694': 2.0, 'cluster_1098574052_1098574061_247379905': 0}, {'247379907': 3, '252017285': 0, '256201389': 0, '26110729': 13, '280120513': 0, '32319828': 0, '62426694': 0, 'cluster_1098574052_1098574061_247379905': 0}, {'247379907': 3, '252017285': 0, '256201389': 0, '26110729': 20, '280120513': 0, '32319828': 0, '62426694': 0, 'cluster_1098574052_1098574061_247379905': 0}, 
26180.0, {'247379907': 42.0, '252017285': 0, '256201389': 0, '26110729': -70.0, '280120513': 0, '32319828': 0, '62426694': 0, 'cluster_1098574052_1098574061_247379905': -6.0}, {'247379907': 1, '252017285': 0, '256201389': 0, '26110729': 10, '280120513': 0, '32319828': 0, '62426694': 0, 'cluster_1098574052_1098574061_247379905': 1}, {'247379907': 2, '252017285': 0, '256201389': 0, '26110729': 25, '280120513': 0, '32319828': 0, '62426694': 0, 'cluster_1098574052_1098574061_247379905': 1}, 
26190.0, {'247379907': -22.0, '252017285': 0, '256201389': 0, '26110729': 56.0, '280120513': 0, '32319828': 0, '62426694': 0, 'cluster_1098574052_1098574061_247379905': 6.0}, {'247379907': 3, '252017285': 0, '256201389': 0, '26110729': 8, '280120513': 0, '32319828': 0, '62426694': 0, 'cluster_1098574052_1098574061_247379905': 0}, {'247379907': 5, '252017285': 0, '256201389': 0, '26110729': 22, '280120513': 0, '32319828': 0, '62426694': 0, 'cluster_1098574052_1098574061_247379905': 0}, 
26200.0, {'247379907': 17.0, '252017285': -6.0, '256201389': 0, '26110729': 19.0, '280120513': 0, '32319828': 0, '62426694': 0, 'cluster_1098574052_1098574061_247379905': -13.0}, {'247379907': 1, '252017285': 2, '256201389': 0, '26110729': 8, '280120513': 0, '32319828': 0, '62426694': 0, 'cluster_1098574052_1098574061_247379905': 1}, {'247379907': 1, '252017285': 2, '256201389': 0, '26110729': 16, '280120513': 0, '32319828': 0, '62426694': 0, 'cluster_1098574052_1098574061_247379905': 2}, 
26210.0, {'247379907': 6.0, '252017285': 0.0, '256201389': 0, '26110729': 80.0, '280120513': 0, '32319828': 0, '62426694': -1.0, 'cluster_1098574052_1098574061_247379905': 9.0}, {'247379907': 1, '252017285': 1, '256201389': 0, '26110729': 9, '280120513': 0, '32319828': 0, '62426694': 1, 'cluster_1098574052_1098574061_247379905': 1}, {'247379907': 2, '252017285': 1, '256201389': 0, '26110729': 14, '280120513': 0, '32319828': 0, '62426694': 1, 'cluster_1098574052_1098574061_247379905': 1}, 
26220.0, {'247379907': 3.0, '252017285': 5.0, '256201389': 0, '26110729': 110.0, '280120513': 0, '32319828': 0, '62426694': -2.0, 'cluster_1098574052_1098574061_247379905': -2.0}, {'247379907': 1, '252017285': 1, '256201389': 0, '26110729': 10, '280120513': 0, '32319828': 0, '62426694': 1, 'cluster_1098574052_1098574061_247379905': 1}, {'247379907': 1, '252017285': 1, '256201389': 0, '26110729': 15, '280120513': 0, '32319828': 0, '62426694': 1, 'cluster_1098574052_1098574061_247379905': 2}, 
26230.0, {'247379907': 5.0, '252017285': 0.0, '256201389': 0, '26110729': 31.0, '280120513': 0, '32319828': 0, '62426694': 2.0, 'cluster_1098574052_1098574061_247379905': -7.0}, {'247379907': 0, '252017285': 1, '256201389': 0, '26110729': 7, '280120513': 0, '32319828': 0, '62426694': 1, 'cluster_1098574052_1098574061_247379905': 1}, {'247379907': 0, '252017285': 1, '256201389': 0, '26110729': 16, '280120513': 0, '32319828': 0, '62426694': 1, 'cluster_1098574052_1098574061_247379905': 1}, 
26240.0, {'247379907': -5.0, '252017285': 1.0, '256201389': 0, '26110729': 85.0, '280120513': 0, '32319828': 0, '62426694': -6.0, 'cluster_1098574052_1098574061_247379905': 4.0}, {'247379907': 1, '252017285': 0, '256201389': 0, '26110729': 7, '280120513': 0, '32319828': 0, '62426694': 1, 'cluster_1098574052_1098574061_247379905': 2}, {'247379907': 1, '252017285': 0, '256201389': 0, '26110729': 11, '280120513': 0, '32319828': 0, '62426694': 1, 'cluster_1098574052_1098574061_247379905': 2}, 
26250.0, {'247379907': 5.0, '252017285': -6.0, '256201389': 0, '26110729': -34.0, '280120513': 0, '32319828': 0, '62426694': 7.0, 'cluster_1098574052_1098574061_247379905': 9.0}, {'247379907': 0, '252017285': 2, '256201389': 0, '26110729': 8, '280120513': 0, '32319828': 0, '62426694': 0, 'cluster_1098574052_1098574061_247379905': 0}, {'247379907': 0, '252017285': 2, '256201389': 0, '26110729': 10, '280120513': 0, '32319828': 0, '62426694': 0, 'cluster_1098574052_1098574061_247379905': 0}, 
26260.0, {'247379907': 0, '252017285': 6.0, '256201389': 0, '26110729': 108.0, '280120513': 0, '32319828': 0, '62426694': 0, 'cluster_1098574052_1098574061_247379905': -29.0}, {'247379907': 0, '252017285': 0, '256201389': 0, '26110729': 9, '280120513': 0, '32319828': 0, '62426694': 0, 'cluster_1098574052_1098574061_247379905': 3}, {'247379907': 0, '252017285': 0, '256201389': 0, '26110729': 9, '280120513': 0, '32319828': 0, '62426694': 0, 'cluster_1098574052_1098574061_247379905': 5}, 
26270.0, {'247379907': -4.0, '252017285': -12.0, '256201389': 0, '26110729': 78.0, '280120513': 0, '32319828': 0, '62426694': 0, 'cluster_1098574052_1098574061_247379905': 1.0}, {'247379907': 1, '252017285': 2, '256201389': 0, '26110729': 7, '280120513': 0, '32319828': 0, '62426694': 0, 'cluster_1098574052_1098574061_247379905': 2}, {'247379907': 1, '252017285': 2, '256201389': 0, '26110729': 8, '280120513': 0, '32319828': 0, '62426694': 0, 'cluster_1098574052_1098574061_247379905': 2}, 
26280.0, {'247379907': -1.0, '252017285': -3.0, '256201389': 0, '26110729': 61.0, '280120513': 0, '32319828': 0, '62426694': 0, 'cluster_1098574052_1098574061_247379905': 21.0}, {'247379907': 1, '252017285': 1, '256201389': 0, '26110729': 3, '280120513': 0, '32319828': 0, '62426694': 0, 'cluster_1098574052_1098574061_247379905': 2}, {'247379907': 1, '252017285': 1, '256201389': 0, '26110729': 5, '280120513': 0, '32319828': 0, '62426694': 0, 'cluster_1098574052_1098574061_247379905': 3}, 
26290.0, {'247379907': 5.0, '252017285': 15.0, '256201389': 0, '26110729': 15.0, '280120513': -10.0, '32319828': 0, '62426694': 0, 'cluster_1098574052_1098574061_247379905': -6.0}, {'247379907': 0, '252017285': 0, '256201389': 0, '26110729': 1, '280120513': 1, '32319828': 0, '62426694': 0, 'cluster_1098574052_1098574061_247379905': 1}, {'247379907': 0, '252017285': 0, '256201389': 0, '26110729': 3, '280120513': 1, '32319828': 0, '62426694': 0, 'cluster_1098574052_1098574061_247379905': 1}, 
26300.0, {'247379907': 0, '252017285': 0, '256201389': 0, '26110729': 25.0, '280120513': 8.0, '32319828': 0, '62426694': 0, 'cluster_1098574052_1098574061_247379905': 1.0}, {'247379907': 0, '252017285': 0, '256201389': 0, '26110729': 3, '280120513': 1, '32319828': 0, '62426694': 0, 'cluster_1098574052_1098574061_247379905': 2}, {'247379907': 0, '252017285': 0, '256201389': 0, '26110729': 5, '280120513': 1, '32319828': 0, '62426694': 0, 'cluster_1098574052_1098574061_247379905': 4}, 
26310.0, {'247379907': -7.0, '252017285': -13.0, '256201389': 0, '26110729': 21.0, '280120513': 2.0, '32319828': 0, '62426694': 0, 'cluster_1098574052_1098574061_247379905': -1.0}, {'247379907': 1, '252017285': 3, '256201389': 0, '26110729': 3, '280120513': 0, '32319828': 0, '62426694': 0, 'cluster_1098574052_1098574061_247379905': 1}, {'247379907': 1, '252017285': 4, '256201389': 0, '26110729': 4, '280120513': 0, '32319828': 0, '62426694': 0, 'cluster_1098574052_1098574061_247379905': 1}, 
26320.0, {'247379907': 7.0, '252017285': 13.0, '256201389': 0, '26110729': -19.0, '280120513': 0, '32319828': 0, '62426694': 0, 'cluster_1098574052_1098574061_247379905': 13.0}, {'247379907': 0, '252017285': 0, '256201389': 0, '26110729': 2, '280120513': 0, '32319828': 0, '62426694': 0, 'cluster_1098574052_1098574061_247379905': 0}, {'247379907': 0, '252017285': 0, '256201389': 0, '26110729': 3, '280120513': 0, '32319828': 0, '62426694': 0, 'cluster_1098574052_1098574061_247379905': 0}, 
26330.0, {'247379907': 0, '252017285': 0, '256201389': 0, '26110729': -32.0, '280120513': -3.0, '32319828': 0, '62426694': -6.0, 'cluster_1098574052_1098574061_247379905': -17.0}, {'247379907': 0, '252017285': 0, '256201389': 0, '26110729': 3, '280120513': 1, '32319828': 0, '62426694': 1, 'cluster_1098574052_1098574061_247379905': 2}, {'247379907': 0, '252017285': 0, '256201389': 0, '26110729': 4, '280120513': 1, '32319828': 0, '62426694': 1, 'cluster_1098574052_1098574061_247379905': 2}, 
26340.0, {'247379907': -10.0, '252017285': 0, '256201389': 0, '26110729': 35.0, '280120513': 3.0, '32319828': 0, '62426694': 6.0, 'cluster_1098574052_1098574061_247379905': 17.0}, {'247379907': 1, '252017285': 0, '256201389': 0, '26110729': 1, '280120513': 0, '32319828': 0, '62426694': 0, 'cluster_1098574052_1098574061_247379905': 0}, {'247379907': 1, '252017285': 0, '256201389': 0, '26110729': 1, '280120513': 0, '32319828': 0, '62426694': 0, 'cluster_1098574052_1098574061_247379905': 0}, 
26350.0, {'247379907': 1.0, '252017285': -10.0, '256201389': 0, '26110729': 0.0, '280120513': 0, '32319828': 0, '62426694': 0, 'cluster_1098574052_1098574061_247379905': 0}, {'247379907': 1, '252017285': 1, '256201389': 0, '26110729': 6, '280120513': 0, '32319828': 0, '62426694': 0, 'cluster_1098574052_1098574061_247379905': 0}, {'247379907': 1, '252017285': 2, '256201389': 0, '26110729': 7, '280120513': 0, '32319828': 0, '62426694': 0, 'cluster_1098574052_1098574061_247379905': 0}, 
26360.0, {'247379907': 9.0, '252017285': -1.0, '256201389': 0, '26110729': -46.0, '280120513': 0, '32319828': 0, '62426694': 0, 'cluster_1098574052_1098574061_247379905': 0}, {'247379907': 0, '252017285': 1, '256201389': 0, '26110729': 9, '280120513': 0, '32319828': 0, '62426694': 0, 'cluster_1098574052_1098574061_247379905': 0}, {'247379907': 0, '252017285': 2, '256201389': 0, '26110729': 9, '280120513': 0, '32319828': 0, '62426694': 0, 'cluster_1098574052_1098574061_247379905': 0}, 
26370.0, {'247379907': -28.0, '252017285': 11.0, '256201389': 0, '26110729': -22.0, '280120513': 0, '32319828': 0, '62426694': 0, 'cluster_1098574052_1098574061_247379905': 0}, {'247379907': 5, '252017285': 0, '256201389': 0, '26110729': 6, '280120513': 0, '32319828': 0, '62426694': 0, 'cluster_1098574052_1098574061_247379905': 0}, {'247379907': 5, '252017285': 0, '256201389': 0, '26110729': 8, '280120513': 0, '32319828': 0, '62426694': 0, 'cluster_1098574052_1098574061_247379905': 0}, 
26380.0, {'247379907': 3.0, '252017285': 0, '256201389': 0, '26110729': 8.0, '280120513': 0, '32319828': 0, '62426694': -10.0, 'cluster_1098574052_1098574061_247379905': -8.0}, {'247379907': 2, '252017285': 0, '256201389': 0, '26110729': 3, '280120513': 0, '32319828': 0, '62426694': 1, 'cluster_1098574052_1098574061_247379905': 1}, {'247379907': 2, '252017285': 0, '256201389': 0, '26110729': 5, '280120513': 0, '32319828': 0, '62426694': 1, 'cluster_1098574052_1098574061_247379905': 1}, 
26390.0, {'247379907': 25.0, '252017285': 0, '256201389': 0, '26110729': 15.0, '280120513': -10.0, '32319828': 0, '62426694': 10.0, 'cluster_1098574052_1098574061_247379905': 5.0}, {'247379907': 0, '252017285': 0, '256201389': 0, '26110729': 2, '280120513': 1, '32319828': 0, '62426694': 0, 'cluster_1098574052_1098574061_247379905': 1}, {'247379907': 0, '252017285': 0, '256201389': 0, '26110729': 4, '280120513': 1, '32319828': 0, '62426694': 0, 'cluster_1098574052_1098574061_247379905': 1}, 
26400.0, {'247379907': 0, '252017285': 0, '256201389': 0, '26110729': 26.0, '280120513': 10.0, '32319828': 0, '62426694': 0, 'cluster_1098574052_1098574061_247379905': 3.0}, {'247379907': 0, '252017285': 0, '256201389': 0, '26110729': 3, '280120513': 0, '32319828': 0, '62426694': 0, 'cluster_1098574052_1098574061_247379905': 0}, {'247379907': 0, '252017285': 0, '256201389': 0, '26110729': 6, '280120513': 0, '32319828': 0, '62426694': 0, 'cluster_1098574052_1098574061_247379905': 0}, 
26410.0, {'247379907': -19.0, '252017285': -9.0, '256201389': 0, '26110729': 31.0, '280120513': 0, '32319828': 0, '62426694': 0, 'cluster_1098574052_1098574061_247379905': 0}, {'247379907': 2, '252017285': 1, '256201389': 0, '26110729': 2, '280120513': 0, '32319828': 0, '62426694': 0, 'cluster_1098574052_1098574061_247379905': 0}, {'247379907': 2, '252017285': 1, '256201389': 0, '26110729': 4, '280120513': 0, '32319828': 0, '62426694': 0, 'cluster_1098574052_1098574061_247379905': 0}, 
26420.0, {'247379907': 8.0, '252017285': 9.0, '256201389': 0, '26110729': -13.0, '280120513': 0, '32319828': 0, '62426694': -8.0, 'cluster_1098574052_1098574061_247379905': -10.0}, {'247379907': 2, '252017285': 0, '256201389': 0, '26110729': 6, '280120513': 0, '32319828': 0, '62426694': 1, 'cluster_1098574052_1098574061_247379905': 1}, {'247379907': 2, '252017285': 0, '256201389': 0, '26110729': 6, '280120513': 0, '32319828': 0, '62426694': 1, 'cluster_1098574052_1098574061_247379905': 1}, 
26430.0, {'247379907': 4.0, '252017285': -6.0, '256201389': 0, '26110729': -40.0, '280120513': -2.0, '32319828': 0, '62426694': 8.0, 'cluster_1098574052_1098574061_247379905': 5.0}, {'247379907': 1, '252017285': 1, '256201389': 0, '26110729': 8, '280120513': 2, '32319828': 0, '62426694': 0, 'cluster_1098574052_1098574061_247379905': 1}, {'247379907': 1, '252017285': 1, '256201389': 0, '26110729': 8, '280120513': 2, '32319828': 0, '62426694': 0, 'cluster_1098574052_1098574061_247379905': 1}, 
26440.0, {'247379907': -5.0, '252017285': -10.0, '256201389': 0, '26110729': -99.0, '280120513': 0.0, '32319828': 0, '62426694': -9.0, 'cluster_1098574052_1098574061_247379905': 3.0}, {'247379907': 1, '252017285': 1, '256201389': 0, '26110729': 10, '280120513': 1, '32319828': 0, '62426694': 2, 'cluster_1098574052_1098574061_247379905': 1}, {'247379907': 2, '252017285': 2, '256201389': 0, '26110729': 14, '280120513': 1, '32319828': 0, '62426694': 2, 'cluster_1098574052_1098574061_247379905': 1}, 
26450.0, {'247379907': 12.0, '252017285': 16.0, '256201389': 0, '26110729': -148.0, '280120513': 2.0, '32319828': 0, '62426694': 9.0, 'cluster_1098574052_1098574061_247379905': 2.0}, {'247379907': 0, '252017285': 0, '256201389': 0, '26110729': 12, '280120513': 0, '32319828': 0, '62426694': 0, 'cluster_1098574052_1098574061_247379905': 0}, {'247379907': 0, '252017285': 0, '256201389': 0, '26110729': 16, '280120513': 0, '32319828': 0, '62426694': 0, 'cluster_1098574052_1098574061_247379905': 0}, 
26460.0, {'247379907': -18.0, '252017285': -6.0, '256201389': 0, '26110729': -115.0, '280120513': -4.0, '32319828': 0, '62426694': -16.0, 'cluster_1098574052_1098574061_247379905': 0}, {'247379907': 2, '252017285': 1, '256201389': 0, '26110729': 15, '280120513': 1, '32319828': 0, '62426694': 4, 'cluster_1098574052_1098574061_247379905': 0}, {'247379907': 2, '252017285': 1, '256201389': 0, '26110729': 21, '280120513': 1, '32319828': 0, '62426694': 4, 'cluster_1098574052_1098574061_247379905': 0}, 
26470.0, {'247379907': 18.0, '252017285': 6.0, '256201389': 0, '26110729': -255.0, '280120513': -10.0, '32319828': 0, '62426694': 5.0, 'cluster_1098574052_1098574061_247379905': 0}, {'247379907': 0, '252017285': 0, '256201389': 0, '26110729': 22, '280120513': 1, '32319828': 0, '62426694': 1, 'cluster_1098574052_1098574061_247379905': 0}, {'247379907': 0, '252017285': 0, '256201389': 0, '26110729': 29, '280120513': 1, '32319828': 0, '62426694': 1, 'cluster_1098574052_1098574061_247379905': 0}, 
26480.0, {'247379907': 0, '252017285': -5.0, '256201389': 0, '26110729': -106.0, '280120513': 13.0, '32319828': 0, '62426694': 11.0, 'cluster_1098574052_1098574061_247379905': 0}, {'247379907': 0, '252017285': 1, '256201389': 0, '26110729': 24, '280120513': 1, '32319828': 0, '62426694': 0, 'cluster_1098574052_1098574061_247379905': 0}, {'247379907': 0, '252017285': 1, '256201389': 0, '26110729': 26, '280120513': 1, '32319828': 0, '62426694': 0, 'cluster_1098574052_1098574061_247379905': 0}, 
26490.0, {'247379907': -5.0, '252017285': 5.0, '256201389': 0, '26110729': -75.0, '280120513': 1.0, '32319828': 0, '62426694': -10.0, 'cluster_1098574052_1098574061_247379905': 0}, {'247379907': 1, '252017285': 0, '256201389': 0, '26110729': 22, '280120513': 0, '32319828': 0, '62426694': 3, 'cluster_1098574052_1098574061_247379905': 0}, {'247379907': 1, '252017285': 0, '256201389': 0, '26110729': 24, '280120513': 0, '32319828': 0, '62426694': 3, 'cluster_1098574052_1098574061_247379905': 0}, 
26500.0, {'247379907': 5.0, '252017285': 0, '256201389': 0, '26110729': -110.0, '280120513': 0, '32319828': 0, '62426694': -38.0, 'cluster_1098574052_1098574061_247379905': -2.0}, {'247379907': 0, '252017285': 0, '256201389': 0, '26110729': 21, '280120513': 0, '32319828': 0, '62426694': 6, 'cluster_1098574052_1098574061_247379905': 1}, {'247379907': 0, '252017285': 0, '256201389': 0, '26110729': 23, '280120513': 0, '32319828': 0, '62426694': 6, 'cluster_1098574052_1098574061_247379905': 1}, 
26510.0, {'247379907': 0, '252017285': -12.0, '256201389': 0, '26110729': 7.0, '280120513': 0, '32319828': 0, '62426694': 33.0, 'cluster_1098574052_1098574061_247379905': 2.0}, {'247379907': 0, '252017285': 3, '256201389': 0, '26110729': 19, '280120513': 0, '32319828': 0, '62426694': 1, 'cluster_1098574052_1098574061_247379905': 0}, {'247379907': 0, '252017285': 3, '256201389': 0, '26110729': 21, '280120513': 0, '32319828': 0, '62426694': 1, 'cluster_1098574052_1098574061_247379905': 0}, 
26520.0, {'247379907': 0, '252017285': 12.0, '256201389': 0, '26110729': -1.0, '280120513': 0, '32319828': 0, '62426694': 15.0, 'cluster_1098574052_1098574061_247379905': 0}, {'247379907': 0, '252017285': 0, '256201389': 0, '26110729': 16, '280120513': 0, '32319828': 0, '62426694': 0, 'cluster_1098574052_1098574061_247379905': 0}, {'247379907': 0, '252017285': 0, '256201389': 0, '26110729': 18, '280120513': 0, '32319828': 0, '62426694': 0, 'cluster_1098574052_1098574061_247379905': 0}, 
26530.0, {'247379907': -6.0, '252017285': -6.0, '256201389': 0, '26110729': 62.0, '280120513': -4.0, '32319828': 0, '62426694': -4.0, 'cluster_1098574052_1098574061_247379905': 0}, {'247379907': 1, '252017285': 1, '256201389': 0, '26110729': 13, '280120513': 1, '32319828': 0, '62426694': 1, 'cluster_1098574052_1098574061_247379905': 0}, {'247379907': 1, '252017285': 1, '256201389': 0, '26110729': 15, '280120513': 1, '32319828': 0, '62426694': 1, 'cluster_1098574052_1098574061_247379905': 0}, 
26540.0, {'247379907': -6.0, '252017285': -6.0, '256201389': 0, '26110729': 191.0, '280120513': 3.0, '32319828': 0, '62426694': 4.0, 'cluster_1098574052_1098574061_247379905': -1.0}, {'247379907': 2, '252017285': 3, '256201389': 0, '26110729': 9, '280120513': 1, '32319828': 0, '62426694': 0, 'cluster_1098574052_1098574061_247379905': 1}, {'247379907': 2, '252017285': 4, '256201389': 0, '26110729': 11, '280120513': 1, '32319828': 0, '62426694': 0, 'cluster_1098574052_1098574061_247379905': 1}, 
26550.0, {'247379907': 12.0, '252017285': 8.0, '256201389': 0, '26110729': 147.0, '280120513': 1.0, '32319828': 0, '62426694': 0, 'cluster_1098574052_1098574061_247379905': 1.0}, {'247379907': 0, '252017285': 1, '256201389': 0, '26110729': 6, '280120513': 0, '32319828': 0, '62426694': 0, 'cluster_1098574052_1098574061_247379905': 0}, {'247379907': 0, '252017285': 1, '256201389': 0, '26110729': 8, '280120513': 0, '32319828': 0, '62426694': 0, 'cluster_1098574052_1098574061_247379905': 0}, 
26560.0, {'247379907': 0, '252017285': -5.0, '256201389': 0, '26110729': 193.0, '280120513': 0, '32319828': 0, '62426694': -1.0, 'cluster_1098574052_1098574061_247379905': -13.0}, {'247379907': 0, '252017285': 2, '256201389': 0, '26110729': 3, '280120513': 0, '32319828': 0, '62426694': 1, 'cluster_1098574052_1098574061_247379905': 2}, {'247379907': 0, '252017285': 2, '256201389': 0, '26110729': 5, '280120513': 0, '32319828': 0, '62426694': 1, 'cluster_1098574052_1098574061_247379905': 2}, 
26570.0, {'247379907': 0, '252017285': 9.0, '256201389': 0, '26110729': 140.0, '280120513': 0, '32319828': 0, '62426694': -10.0, 'cluster_1098574052_1098574061_247379905': 13.0}, {'247379907': 0, '252017285': 0, '256201389': 0, '26110729': 4, '280120513': 0, '32319828': 0, '62426694': 1, 'cluster_1098574052_1098574061_247379905': 0}, {'247379907': 0, '252017285': 0, '256201389': 0, '26110729': 6, '280120513': 0, '32319828': 0, '62426694': 1, 'cluster_1098574052_1098574061_247379905': 0}, 
26580.0, {'247379907': -19.0, '252017285': -19.0, '256201389': 0, '26110729': 233.0, '280120513': 0, '32319828': 0, '62426694': -24.0, 'cluster_1098574052_1098574061_247379905': -2.0}, {'247379907': 2, '252017285': 4, '256201389': 0, '26110729': 1, '280120513': 0, '32319828': 0, '62426694': 4, 'cluster_1098574052_1098574061_247379905': 1}, {'247379907': 3, '252017285': 4, '256201389': 0, '26110729': 1, '280120513': 0, '32319828': 0, '62426694': 4, 'cluster_1098574052_1098574061_247379905': 1}, 
26590.0, {'247379907': 19.0, '252017285': 18.0, '256201389': 0, '26110729': 13.0, '280120513': 0, '32319828': 0, '62426694': 22.0, 'cluster_1098574052_1098574061_247379905': 2.0}, {'247379907': 0, '252017285': 1, '256201389': 0, '26110729': 0, '280120513': 0, '32319828': 0, '62426694': 1, 'cluster_1098574052_1098574061_247379905': 0}, {'247379907': 0, '252017285': 1, '256201389': 0, '26110729': 0, '280120513': 0, '32319828': 0, '62426694': 1, 'cluster_1098574052_1098574061_247379905': 0}, 
26600.0, {'247379907': 0, '252017285': -12.0, '256201389': 0, '26110729': -12.0, '280120513': 0, '32319828': 0, '62426694': 12.0, 'cluster_1098574052_1098574061_247379905': 0}, {'247379907': 0, '252017285': 4, '256201389': 0, '26110729': 2, '280120513': 0, '32319828': 0, '62426694': 1, 'cluster_1098574052_1098574061_247379905': 0}, {'247379907': 0, '252017285': 4, '256201389': 0, '26110729': 2, '280120513': 0, '32319828': 0, '62426694': 1, 'cluster_1098574052_1098574061_247379905': 0}, 
26610.0, {'247379907': -7.0, '252017285': 1.0, '256201389': 0, '26110729': -4.0, '280120513': 0, '32319828': 0, '62426694': 1.0, 'cluster_1098574052_1098574061_247379905': 0}, {'247379907': 1, '252017285': 2, '256201389': 0, '26110729': 2, '280120513': 0, '32319828': 0, '62426694': 0, 'cluster_1098574052_1098574061_247379905': 0}, {'247379907': 1, '252017285': 2, '256201389': 0, '26110729': 4, '280120513': 0, '32319828': 0, '62426694': 0, 'cluster_1098574052_1098574061_247379905': 0}, 
26620.0, {'247379907': 7.0, '252017285': 1.0, '256201389': 0, '26110729': 16.0, '280120513': 0, '32319828': 0, '62426694': -30.0, 'cluster_1098574052_1098574061_247379905': 0}, {'247379907': 0, '252017285': 2, '256201389': 0, '26110729': 0, '280120513': 0, '32319828': 0, '62426694': 5, 'cluster_1098574052_1098574061_247379905': 0}, {'247379907': 0, '252017285': 2, '256201389': 0, '26110729': 0, '280120513': 0, '32319828': 0, '62426694': 5, 'cluster_1098574052_1098574061_247379905': 0}, 
26630.0, {'247379907': 0, '252017285': -8.0, '256201389': 0, '26110729': -10.0, '280120513': 0, '32319828': 0, '62426694': 15.0, 'cluster_1098574052_1098574061_247379905': 0}, {'247379907': 0, '252017285': 4, '256201389': 0, '26110729': 1, '280120513': 0, '32319828': 0, '62426694': 1, 'cluster_1098574052_1098574061_247379905': 0}, {'247379907': 0, '252017285': 4, '256201389': 0, '26110729': 2, '280120513': 0, '32319828': 0, '62426694': 1, 'cluster_1098574052_1098574061_247379905': 0}, 
26640.0, {'247379907': 0, '252017285': 19.0, '256201389': 0, '26110729': 10.0, '280120513': 0, '32319828': 0, '62426694': 9.0, 'cluster_1098574052_1098574061_247379905': 0}, {'247379907': 0, '252017285': 0, '256201389': 0, '26110729': 0, '280120513': 0, '32319828': 0, '62426694': 1, 'cluster_1098574052_1098574061_247379905': 0}, {'247379907': 0, '252017285': 0, '256201389': 0, '26110729': 0, '280120513': 0, '32319828': 0, '62426694': 1, 'cluster_1098574052_1098574061_247379905': 0}, 
26650.0, {'247379907': 0, '252017285': 0, '256201389': 0, '26110729': -1.0, '280120513': 0, '32319828': -7.0, '62426694': -9.0, 'cluster_1098574052_1098574061_247379905': 0}, {'247379907': 0, '252017285': 0, '256201389': 0, '26110729': 1, '280120513': 0, '32319828': 2, '62426694': 3, 'cluster_1098574052_1098574061_247379905': 0}, {'247379907': 0, '252017285': 0, '256201389': 0, '26110729': 1, '280120513': 0, '32319828': 2, '62426694': 3, 'cluster_1098574052_1098574061_247379905': 0}, 
26660.0, {'247379907': -10.0, '252017285': -2.0, '256201389': 0, '26110729': -10.0, '280120513': 0, '32319828': 7.0, '62426694': 15.0, 'cluster_1098574052_1098574061_247379905': 0}, {'247379907': 1, '252017285': 1, '256201389': 0, '26110729': 1, '280120513': 0, '32319828': 0, '62426694': 0, 'cluster_1098574052_1098574061_247379905': 0}, {'247379907': 1, '252017285': 1, '256201389': 0, '26110729': 1, '280120513': 0, '32319828': 0, '62426694': 0, 'cluster_1098574052_1098574061_247379905': 0}, 
26670.0, {'247379907': 10.0, '252017285': 2.0, '256201389': 0, '26110729': 11.0, '280120513': 0, '32319828': 0, '62426694': -16.0, 'cluster_1098574052_1098574061_247379905': 0}, {'247379907': 0, '252017285': 0, '256201389': 0, '26110729': 0, '280120513': 0, '32319828': 0, '62426694': 4, 'cluster_1098574052_1098574061_247379905': 0}, {'247379907': 0, '252017285': 0, '256201389': 0, '26110729': 0, '280120513': 0, '32319828': 0, '62426694': 4, 'cluster_1098574052_1098574061_247379905': 0}, 
26680.0, {'247379907': -3.0, '252017285': 0, '256201389': 0, '26110729': -1.0, '280120513': 0, '32319828': 0, '62426694': 4.0, 'cluster_1098574052_1098574061_247379905': 0}, {'247379907': 1, '252017285': 0, '256201389': 0, '26110729': 1, '280120513': 0, '32319828': 0, '62426694': 1, 'cluster_1098574052_1098574061_247379905': 0}, {'247379907': 1, '252017285': 0, '256201389': 0, '26110729': 1, '280120513': 0, '32319828': 0, '62426694': 1, 'cluster_1098574052_1098574061_247379905': 0}, 
26690.0, {'247379907': 3.0, '252017285': -8.0, '256201389': 0, '26110729': -10.0, '280120513': 0, '32319828': 0, '62426694': 2.0, 'cluster_1098574052_1098574061_247379905': -7.0}, {'247379907': 0, '252017285': 1, '256201389': 0, '26110729': 1, '280120513': 0, '32319828': 0, '62426694': 1, 'cluster_1098574052_1098574061_247379905': 1}, {'247379907': 0, '252017285': 1, '256201389': 0, '26110729': 1, '280120513': 0, '32319828': 0, '62426694': 1, 'cluster_1098574052_1098574061_247379905': 1}, 
26700.0, {'247379907': 0, '252017285': 8.0, '256201389': 0, '26110729': 7.0, '280120513': 0, '32319828': 0, '62426694': 2.0, 'cluster_1098574052_1098574061_247379905': 7.0}, {'247379907': 0, '252017285': 0, '256201389': 0, '26110729': 1, '280120513': 0, '32319828': 0, '62426694': 1, 'cluster_1098574052_1098574061_247379905': 0}, {'247379907': 0, '252017285': 0, '256201389': 0, '26110729': 1, '280120513': 0, '32319828': 0, '62426694': 1, 'cluster_1098574052_1098574061_247379905': 0}, 
26710.0, {'247379907': -5.0, '252017285': 0, '256201389': 0, '26110729': -4.0, '280120513': 0, '32319828': 0, '62426694': 8.0, 'cluster_1098574052_1098574061_247379905': 0}, {'247379907': 1, '252017285': 0, '256201389': 0, '26110729': 1, '280120513': 0, '32319828': 0, '62426694': 0, 'cluster_1098574052_1098574061_247379905': 0}, {'247379907': 1, '252017285': 0, '256201389': 0, '26110729': 2, '280120513': 0, '32319828': 0, '62426694': 0, 'cluster_1098574052_1098574061_247379905': 0}, 
26720.0, {'247379907': 5.0, '252017285': -7.0, '256201389': 0, '26110729': 8.0, '280120513': 0, '32319828': 0, '62426694': -1.0, 'cluster_1098574052_1098574061_247379905': 0}, {'247379907': 0, '252017285': 2, '256201389': 0, '26110729': 0, '280120513': 0, '32319828': 0, '62426694': 1, 'cluster_1098574052_1098574061_247379905': 0}, {'247379907': 0, '252017285': 2, '256201389': 0, '26110729': 0, '280120513': 0, '32319828': 0, '62426694': 1, 'cluster_1098574052_1098574061_247379905': 0}, 
26730.0, {'247379907': 0, '252017285': 3.0, '256201389': 0, '26110729': 0, '280120513': 0, '32319828': 0, '62426694': -10.0, 'cluster_1098574052_1098574061_247379905': 0}, {'247379907': 0, '252017285': 1, '256201389': 0, '26110729': 0, '280120513': 0, '32319828': 0, '62426694': 1, 'cluster_1098574052_1098574061_247379905': 0}, {'247379907': 0, '252017285': 1, '256201389': 0, '26110729': 0, '280120513': 0, '32319828': 0, '62426694': 1, 'cluster_1098574052_1098574061_247379905': 0}, 
26740.0, {'247379907': -7.0, '252017285': 4.0, '256201389': 0, '26110729': -8.0, '280120513': 0, '32319828': 0, '62426694': 11.0, 'cluster_1098574052_1098574061_247379905': 0}, {'247379907': 1, '252017285': 0, '256201389': 0, '26110729': 1, '280120513': 0, '32319828': 0, '62426694': 0, 'cluster_1098574052_1098574061_247379905': 0}, {'247379907': 1, '252017285': 0, '256201389': 0, '26110729': 1, '280120513': 0, '32319828': 0, '62426694': 0, 'cluster_1098574052_1098574061_247379905': 0}, 
26750.0, {'247379907': 3.0, '252017285': 0, '256201389': 0, '26110729': 8.0, '280120513': 0, '32319828': 0, '62426694': -10.0, 'cluster_1098574052_1098574061_247379905': 0}, {'247379907': 1, '252017285': 0, '256201389': 0, '26110729': 0, '280120513': 0, '32319828': 0, '62426694': 1, 'cluster_1098574052_1098574061_247379905': 0}, {'247379907': 1, '252017285': 0, '256201389': 0, '26110729': 0, '280120513': 0, '32319828': 0, '62426694': 1, 'cluster_1098574052_1098574061_247379905': 0}, 
26760.0, {'247379907': -10.0, '252017285': 0, '256201389': 0, '26110729': -11.0, '280120513': 0, '32319828': -3.0, '62426694': 10.0, 'cluster_1098574052_1098574061_247379905': 0}, {'247379907': 1, '252017285': 0, '256201389': 0, '26110729': 3, '280120513': 0, '32319828': 1, '62426694': 0, 'cluster_1098574052_1098574061_247379905': 0}, {'247379907': 1, '252017285': 0, '256201389': 0, '26110729': 3, '280120513': 0, '32319828': 1, '62426694': 0, 'cluster_1098574052_1098574061_247379905': 0}, 
26770.0, {'247379907': 14.0, '252017285': -18.0, '256201389': 0, '26110729': -39.0, '280120513': 0, '32319828': 3.0, '62426694': 0, 'cluster_1098574052_1098574061_247379905': 0}, {'247379907': 0, '252017285': 2, '256201389': 0, '26110729': 4, '280120513': 0, '32319828': 0, '62426694': 0, 'cluster_1098574052_1098574061_247379905': 0}, {'247379907': 0, '252017285': 2, '256201389': 0, '26110729': 4, '280120513': 0, '32319828': 0, '62426694': 0, 'cluster_1098574052_1098574061_247379905': 0}, 
26780.0, {'247379907': 0, '252017285': 16.0, '256201389': 0, '26110729': 31.0, '280120513': 0, '32319828': 0, '62426694': 0, 'cluster_1098574052_1098574061_247379905': -3.0}, {'247379907': 0, '252017285': 1, '256201389': 0, '26110729': 1, '280120513': 0, '32319828': 0, '62426694': 0, 'cluster_1098574052_1098574061_247379905': 1}, {'247379907': 0, '252017285': 1, '256201389': 0, '26110729': 1, '280120513': 0, '32319828': 0, '62426694': 0, 'cluster_1098574052_1098574061_247379905': 1}, 
26790.0, {'247379907': 0, '252017285': 2.0, '256201389': 0, '26110729': 13.0, '280120513': 0, '32319828': 0, '62426694': 0, 'cluster_1098574052_1098574061_247379905': 3.0}, {'247379907': 0, '252017285': 0, '256201389': 0, '26110729': 1, '280120513': 0, '32319828': 0, '62426694': 0, 'cluster_1098574052_1098574061_247379905': 0}, {'247379907': 0, '252017285': 0, '256201389': 0, '26110729': 2, '280120513': 0, '32319828': 0, '62426694': 0, 'cluster_1098574052_1098574061_247379905': 0}, 
26800.0, {'247379907': 0, '252017285': 0, '256201389': 0, '26110729': 6.0, '280120513': 0, '32319828': 0, '62426694': -8.0, 'cluster_1098574052_1098574061_247379905': 0}, {'247379907': 0, '252017285': 0, '256201389': 0, '26110729': 0, '280120513': 0, '32319828': 0, '62426694': 1, 'cluster_1098574052_1098574061_247379905': 0}, {'247379907': 0, '252017285': 0, '256201389': 0, '26110729': 0, '280120513': 0, '32319828': 0, '62426694': 1, 'cluster_1098574052_1098574061_247379905': 0}, 
26810.0, {'247379907': -2.0, '252017285': 0, '256201389': 0, '26110729': -6.0, '280120513': 0, '32319828': 0, '62426694': 8.0, 'cluster_1098574052_1098574061_247379905': 0}, {'247379907': 1, '252017285': 0, '256201389': 0, '26110729': 2, '280120513': 0, '32319828': 0, '62426694': 0, 'cluster_1098574052_1098574061_247379905': 0}, {'247379907': 1, '252017285': 0, '256201389': 0, '26110729': 2, '280120513': 0, '32319828': 0, '62426694': 0, 'cluster_1098574052_1098574061_247379905': 0}, 
26820.0, {'247379907': -3.0, '252017285': 0, '256201389': 0, '26110729': 4.0, '280120513': 0, '32319828': 0, '62426694': -5.0, 'cluster_1098574052_1098574061_247379905': -7.0}, {'247379907': 1, '252017285': 0, '256201389': 0, '26110729': 1, '280120513': 0, '32319828': 0, '62426694': 2, 'cluster_1098574052_1098574061_247379905': 2}, {'247379907': 1, '252017285': 0, '256201389': 0, '26110729': 1, '280120513': 0, '32319828': 0, '62426694': 2, 'cluster_1098574052_1098574061_247379905': 2}, 
26830.0, {'247379907': -14.0, '252017285': -6.0, '256201389': 0, '26110729': 0.0, '280120513': 0, '32319828': 0, '62426694': 5.0, 'cluster_1098574052_1098574061_247379905': 7.0}, {'247379907': 1, '252017285': 1, '256201389': 0, '26110729': 1, '280120513': 0, '32319828': 0, '62426694': 0, 'cluster_1098574052_1098574061_247379905': 0}, {'247379907': 2, '252017285': 1, '256201389': 0, '26110729': 1, '280120513': 0, '32319828': 0, '62426694': 0, 'cluster_1098574052_1098574061_247379905': 0}, 
26840.0, {'247379907': 5.0, '252017285': 6.0, '256201389': 0, '26110729': -5.0, '280120513': 0, '32319828': 0, '62426694': 0, 'cluster_1098574052_1098574061_247379905': -4.0}, {'247379907': 1, '252017285': 0, '256201389': 0, '26110729': 1, '280120513': 0, '32319828': 0, '62426694': 0, 'cluster_1098574052_1098574061_247379905': 2}, {'247379907': 1, '252017285': 0, '256201389': 0, '26110729': 1, '280120513': 0, '32319828': 0, '62426694': 0, 'cluster_1098574052_1098574061_247379905': 2}, 
26850.0, {'247379907': 10.0, '252017285': -15.0, '256201389': 0, '26110729': 7.0, '280120513': 0, '32319828': 0, '62426694': 0, 'cluster_1098574052_1098574061_247379905': 4.0}, {'247379907': 1, '252017285': 3, '256201389': 0, '26110729': 0, '280120513': 0, '32319828': 0, '62426694': 0, 'cluster_1098574052_1098574061_247379905': 0}, {'247379907': 1, '252017285': 3, '256201389': 0, '26110729': 0, '280120513': 0, '32319828': 0, '62426694': 0, 'cluster_1098574052_1098574061_247379905': 0}, 
26860.0, {'247379907': 0.0, '252017285': 15.0, '256201389': 0, '26110729': -8.0, '280120513': 0, '32319828': 0, '62426694': 0, 'cluster_1098574052_1098574061_247379905': 0}, {'247379907': 1, '252017285': 0, '256201389': 0, '26110729': 1, '280120513': 0, '32319828': 0, '62426694': 0, 'cluster_1098574052_1098574061_247379905': 0}, {'247379907': 1, '252017285': 0, '256201389': 0, '26110729': 2, '280120513': 0, '32319828': 0, '62426694': 0, 'cluster_1098574052_1098574061_247379905': 0}, 
26870.0, {'247379907': 0.0, '252017285': 0, '256201389': 0, '26110729': 8.0, '280120513': -4.0, '32319828': -7.0, '62426694': 0, 'cluster_1098574052_1098574061_247379905': 0}, {'247379907': 1, '252017285': 0, '256201389': 0, '26110729': 0, '280120513': 1, '32319828': 1, '62426694': 0, 'cluster_1098574052_1098574061_247379905': 0}, {'247379907': 1, '252017285': 0, '256201389': 0, '26110729': 0, '280120513': 1, '32319828': 1, '62426694': 0, 'cluster_1098574052_1098574061_247379905': 0}, 
26880.0, {'247379907': 4.0, '252017285': -11.0, '256201389': 0, '26110729': -2.0, '280120513': 4.0, '32319828': 7.0, '62426694': 0, 'cluster_1098574052_1098574061_247379905': 0}, {'247379907': 0, '252017285': 2, '256201389': 0, '26110729': 1, '280120513': 0, '32319828': 0, '62426694': 0, 'cluster_1098574052_1098574061_247379905': 0}, {'247379907': 0, '252017285': 2, '256201389': 0, '26110729': 1, '280120513': 0, '32319828': 0, '62426694': 0, 'cluster_1098574052_1098574061_247379905': 0}, 
26890.0, {'247379907': 0, '252017285': 11.0, '256201389': 0, '26110729': -8.0, '280120513': 0, '32319828': 0, '62426694': -2.0, 'cluster_1098574052_1098574061_247379905': 0}, {'247379907': 0, '252017285': 0, '256201389': 0, '26110729': 2, '280120513': 0, '32319828': 0, '62426694': 1, 'cluster_1098574052_1098574061_247379905': 0}, {'247379907': 0, '252017285': 0, '256201389': 0, '26110729': 2, '280120513': 0, '32319828': 0, '62426694': 1, 'cluster_1098574052_1098574061_247379905': 0}, 
26900.0, {'247379907': 0, '252017285': 0, '256201389': 0, '26110729': 5.0, '280120513': 0, '32319828': 0, '62426694': 2.0, 'cluster_1098574052_1098574061_247379905': -19.0}, {'247379907': 0, '252017285': 0, '256201389': 0, '26110729': 1, '280120513': 0, '32319828': 0, '62426694': 0, 'cluster_1098574052_1098574061_247379905': 2}, {'247379907': 0, '252017285': 0, '256201389': 0, '26110729': 1, '280120513': 0, '32319828': 0, '62426694': 0, 'cluster_1098574052_1098574061_247379905': 3}, 
26910.0, {'247379907': -8.0, '252017285': 0, '256201389': 0, '26110729': -1.0, '280120513': 0, '32319828': 0, '62426694': 0, 'cluster_1098574052_1098574061_247379905': -12.0}, {'247379907': 2, '252017285': 0, '256201389': 0, '26110729': 1, '280120513': 0, '32319828': 0, '62426694': 0, 'cluster_1098574052_1098574061_247379905': 2}, {'247379907': 2, '252017285': 0, '256201389': 0, '26110729': 2, '280120513': 0, '32319828': 0, '62426694': 0, 'cluster_1098574052_1098574061_247379905': 2}, 
26920.0, {'247379907': -11.0, '252017285': 0, '256201389': 0, '26110729': 6.0, '280120513': -1.0, '32319828': 0, '62426694': -5.0, 'cluster_1098574052_1098574061_247379905': -35.0}, {'247379907': 2, '252017285': 0, '256201389': 0, '26110729': 0, '280120513': 1, '32319828': 0, '62426694': 1, 'cluster_1098574052_1098574061_247379905': 5}, {'247379907': 4, '252017285': 0, '256201389': 0, '26110729': 0, '280120513': 1, '32319828': 0, '62426694': 1, 'cluster_1098574052_1098574061_247379905': 5}, 
26930.0, {'247379907': 19.0, '252017285': 0, '256201389': 0, '26110729': -10.0, '280120513': 1.0, '32319828': 0, '62426694': 5.0, 'cluster_1098574052_1098574061_247379905': 49.0}, {'247379907': 0, '252017285': 0, '256201389': 0, '26110729': 1, '280120513': 0, '32319828': 0, '62426694': 0, 'cluster_1098574052_1098574061_247379905': 1}, {'247379907': 0, '252017285': 0, '256201389': 0, '26110729': 2, '280120513': 0, '32319828': 0, '62426694': 0, 'cluster_1098574052_1098574061_247379905': 2}, 
26940.0, {'247379907': 0, '252017285': -2.0, '256201389': 0, '26110729': 10.0, '280120513': 0, '32319828': 0, '62426694': 0, 'cluster_1098574052_1098574061_247379905': 5.0}, {'247379907': 0, '252017285': 1, '256201389': 0, '26110729': 0, '280120513': 0, '32319828': 0, '62426694': 0, 'cluster_1098574052_1098574061_247379905': 1}, {'247379907': 0, '252017285': 1, '256201389': 0, '26110729': 0, '280120513': 0, '32319828': 0, '62426694': 0, 'cluster_1098574052_1098574061_247379905': 1}, 
26950.0, {'247379907': 0, '252017285': -13.0, '256201389': 0, '26110729': -34.0, '280120513': 0, '32319828': 0, '62426694': 0, 'cluster_1098574052_1098574061_247379905': 12.0}, {'247379907': 0, '252017285': 3, '256201389': 0, '26110729': 3, '280120513': 0, '32319828': 0, '62426694': 0, 'cluster_1098574052_1098574061_247379905': 0}, {'247379907': 0, '252017285': 4, '256201389': 0, '26110729': 8, '280120513': 0, '32319828': 0, '62426694': 0, 'cluster_1098574052_1098574061_247379905': 0}, 
26960.0, {'247379907': 0, '252017285': 14.0, '256201389': 0, '26110729': -3.0, '280120513': 0, '32319828': 0, '62426694': 0, 'cluster_1098574052_1098574061_247379905': -11.0}, {'247379907': 0, '252017285': 1, '256201389': 0, '26110729': 2, '280120513': 0, '32319828': 0, '62426694': 0, 'cluster_1098574052_1098574061_247379905': 2}, {'247379907': 0, '252017285': 1, '256201389': 0, '26110729': 2, '280120513': 0, '32319828': 0, '62426694': 0, 'cluster_1098574052_1098574061_247379905': 2}, 
26970.0, {'247379907': 0, '252017285': 1.0, '256201389': 0, '26110729': 14.0, '280120513': -9.0, '32319828': 0, '62426694': 0, 'cluster_1098574052_1098574061_247379905': 11.0}, {'247379907': 0, '252017285': 0, '256201389': 0, '26110729': 2, '280120513': 1, '32319828': 0, '62426694': 0, 'cluster_1098574052_1098574061_247379905': 0}, {'247379907': 0, '252017285': 0, '256201389': 0, '26110729': 4, '280120513': 1, '32319828': 0, '62426694': 0, 'cluster_1098574052_1098574061_247379905': 0}, 
26980.0, {'247379907': -9.0, '252017285': 0, '256201389': 0, '26110729': 20.0, '280120513': 9.0, '32319828': 0, '62426694': 0, 'cluster_1098574052_1098574061_247379905': 0}, {'247379907': 1, '252017285': 0, '256201389': 0, '26110729': 1, '280120513': 0, '32319828': 0, '62426694': 0, 'cluster_1098574052_1098574061_247379905': 0}, {'247379907': 1, '252017285': 0, '256201389': 0, '26110729': 1, '280120513': 0, '32319828': 0, '62426694': 0, 'cluster_1098574052_1098574061_247379905': 0}, 
26990.0, {'247379907': 7.0, '252017285': 0, '256201389': 0, '26110729': 3.0, '280120513': 0, '32319828': 0, '62426694': -6.0, 'cluster_1098574052_1098574061_247379905': -5.0}, {'247379907': 1, '252017285': 0, '256201389': 0, '26110729': 0, '280120513': 0, '32319828': 0, '62426694': 1, 'cluster_1098574052_1098574061_247379905': 1}, {'247379907': 1, '252017285': 0, '256201389': 0, '26110729': 0, '280120513': 0, '32319828': 0, '62426694': 1, 'cluster_1098574052_1098574061_247379905': 1}, 
27000.0, {'247379907': -2.0, '252017285': -9.0, '256201389': 0, '26110729': -13.0, '280120513': 0, '32319828': 0, '62426694': 6.0, 'cluster_1098574052_1098574061_247379905': 5.0}, {'247379907': 1, '252017285': 2, '256201389': 0, '26110729': 1, '280120513': 0, '32319828': 0, '62426694': 0, 'cluster_1098574052_1098574061_247379905': 0}, {'247379907': 1, '252017285': 2, '256201389': 0, '26110729': 2, '280120513': 0, '32319828': 0, '62426694': 0, 'cluster_1098574052_1098574061_247379905': 0}, 
27010.0, {'247379907': -8.0, '252017285': -3.0, '256201389': 0, '26110729': 13.0, '280120513': -2.0, '32319828': 0, '62426694': 0, 'cluster_1098574052_1098574061_247379905': -4.0}, {'247379907': 2, '252017285': 3, '256201389': 0, '26110729': 0, '280120513': 1, '32319828': 0, '62426694': 0, 'cluster_1098574052_1098574061_247379905': 1}, {'247379907': 3, '252017285': 3, '256201389': 0, '26110729': 0, '280120513': 1, '32319828': 0, '62426694': 0, 'cluster_1098574052_1098574061_247379905': 1}, 
27020.0, {'247379907': 10.0, '252017285': 8.0, '256201389': 0, '26110729': -13.0, '280120513': 2.0, '32319828': 0, '62426694': -4.0, 'cluster_1098574052_1098574061_247379905': 0.0}, {'247379907': 1, '252017285': 1, '256201389': 0, '26110729': 2, '280120513': 0, '32319828': 0, '62426694': 1, 'cluster_1098574052_1098574061_247379905': 1}, {'247379907': 1, '252017285': 1, '256201389': 0, '26110729': 3, '280120513': 0, '32319828': 0, '62426694': 1, 'cluster_1098574052_1098574061_247379905': 1}, 
27030.0, {'247379907': -3.0, '252017285': -10.0, '256201389': 0, '26110729': 13.0, '280120513': 0, '32319828': 0, '62426694': 4.0, 'cluster_1098574052_1098574061_247379905': 4.0}, {'247379907': 1, '252017285': 1, '256201389': 0, '26110729': 0, '280120513': 0, '32319828': 0, '62426694': 0, 'cluster_1098574052_1098574061_247379905': 0}, {'247379907': 1, '252017285': 1, '256201389': 0, '26110729': 0, '280120513': 0, '32319828': 0, '62426694': 0, 'cluster_1098574052_1098574061_247379905': 0}, 
27040.0, {'247379907': -2.0, '252017285': 7.0, '256201389': 0, '26110729': -13.0, '280120513': 0, '32319828': 0, '62426694': -6.0, 'cluster_1098574052_1098574061_247379905': 0}, {'247379907': 1, '252017285': 1, '256201389': 0, '26110729': 1, '280120513': 0, '32319828': 0, '62426694': 1, 'cluster_1098574052_1098574061_247379905': 0}, {'247379907': 1, '252017285': 1, '256201389': 0, '26110729': 2, '280120513': 0, '32319828': 0, '62426694': 1, 'cluster_1098574052_1098574061_247379905': 0}, 
27050.0, {'247379907': 7.0, '252017285': 7.0, '256201389': 0, '26110729': -3.0, '280120513': -6.0, '32319828': 0, '62426694': -10.0, 'cluster_1098574052_1098574061_247379905': 0}, {'247379907': 0, '252017285': 0, '256201389': 0, '26110729': 1, '280120513': 1, '32319828': 0, '62426694': 1, 'cluster_1098574052_1098574061_247379905': 0}, {'247379907': 0, '252017285': 0, '256201389': 0, '26110729': 1, '280120513': 1, '32319828': 0, '62426694': 1, 'cluster_1098574052_1098574061_247379905': 0}, 
27060.0, {'247379907': -17.0, '252017285': 0, '256201389': 0, '26110729': 12.0, '280120513': 6.0, '32319828': 0, '62426694': 16.0, 'cluster_1098574052_1098574061_247379905': 0}, {'247379907': 2, '252017285': 0, '256201389': 0, '26110729': 1, '280120513': 0, '32319828': 0, '62426694': 0, 'cluster_1098574052_1098574061_247379905': 0}, {'247379907': 3, '252017285': 0, '256201389': 0, '26110729': 1, '280120513': 0, '32319828': 0, '62426694': 0, 'cluster_1098574052_1098574061_247379905': 0}, 
27070.0, {'247379907': 17.0, '252017285': -5.0, '256201389': 0, '26110729': 4.0, '280120513': 0, '32319828': 0, '62426694': -10.0, 'cluster_1098574052_1098574061_247379905': 0}, {'247379907': 0, '252017285': 2, '256201389': 0, '26110729': 0, '280120513': 0, '32319828': 0, '62426694': 2, 'cluster_1098574052_1098574061_247379905': 0}, {'247379907': 0, '252017285': 2, '256201389': 0, '26110729': 0, '280120513': 0, '32319828': 0, '62426694': 2, 'cluster_1098574052_1098574061_247379905': 0}, 
27080.0, {'247379907': -5.0, '252017285': 5.0, '256201389': 0, '26110729': 0, '280120513': -4.0, '32319828': 0, '62426694': 10.0, 'cluster_1098574052_1098574061_247379905': -6.0}, {'247379907': 1, '252017285': 0, '256201389': 0, '26110729': 0, '280120513': 1, '32319828': 0, '62426694': 0, 'cluster_1098574052_1098574061_247379905': 2}, {'247379907': 1, '252017285': 0, '256201389': 0, '26110729': 0, '280120513': 1, '32319828': 0, '62426694': 0, 'cluster_1098574052_1098574061_247379905': 2}, 
27090.0, {'247379907': 5.0, '252017285': 0, '256201389': 0, '26110729': -10.0, '280120513': 4.0, '32319828': 0, '62426694': 0, 'cluster_1098574052_1098574061_247379905': 5.0}, {'247379907': 0, '252017285': 0, '256201389': 0, '26110729': 2, '280120513': 0, '32319828': 0, '62426694': 0, 'cluster_1098574052_1098574061_247379905': 1}, {'247379907': 0, '252017285': 0, '256201389': 0, '26110729': 3, '280120513': 0, '32319828': 0, '62426694': 0, 'cluster_1098574052_1098574061_247379905': 1}, 
27100.0, {'247379907': -1.0, '252017285': -12.0, '256201389': 0, '26110729': 4.0, '280120513': -17.0, '32319828': 0, '62426694': 0, 'cluster_1098574052_1098574061_247379905': -13.0}, {'247379907': 1, '252017285': 3, '256201389': 0, '26110729': 1, '280120513': 3, '32319828': 0, '62426694': 0, 'cluster_1098574052_1098574061_247379905': 2}, {'247379907': 1, '252017285': 3, '256201389': 0, '26110729': 1, '280120513': 3, '32319828': 0, '62426694': 0, 'cluster_1098574052_1098574061_247379905': 2}, 
27110.0, {'247379907': -8.0, '252017285': 12.0, '256201389': 0, '26110729': 0.0, '280120513': 16.0, '32319828': 0, '62426694': -17.0, 'cluster_1098574052_1098574061_247379905': 14.0}, {'247379907': 2, '252017285': 0, '256201389': 0, '26110729': 1, '280120513': 1, '32319828': 0, '62426694': 2, 'cluster_1098574052_1098574061_247379905': 0}, {'247379907': 4, '252017285': 0, '256201389': 0, '26110729': 1, '280120513': 1, '32319828': 0, '62426694': 2, 'cluster_1098574052_1098574061_247379905': 0}, 
27120.0, {'247379907': 9.0, '252017285': -16.0, '256201389': 0, '26110729': 6.0, '280120513': -31.0, '32319828': 0, '62426694': 17.0, 'cluster_1098574052_1098574061_247379905': -17.0}, {'247379907': 0, '252017285': 3, '256201389': 0, '26110729': 0, '280120513': 3, '32319828': 0, '62426694': 0, 'cluster_1098574052_1098574061_247379905': 3}, {'247379907': 0, '252017285': 3, '256201389': 0, '26110729': 0, '280120513': 5, '32319828': 0, '62426694': 0, 'cluster_1098574052_1098574061_247379905': 3}, 
27130.0, {'247379907': 0, '252017285': 16.0, '256201389': 0, '26110729': 0, '280120513': -8.0, '32319828': 0, '62426694': 0, 'cluster_1098574052_1098574061_247379905': 17.0}, {'247379907': 0, '252017285': 0, '256201389': 0, '26110729': 0, '280120513': 3, '32319828': 0, '62426694': 0, 'cluster_1098574052_1098574061_247379905': 0}, {'247379907': 0, '252017285': 0, '256201389': 0, '26110729': 0, '280120513': 3, '32319828': 0, '62426694': 0, 'cluster_1098574052_1098574061_247379905': 0}, 
27140.0, {'247379907': 0, '252017285': -14.0, '256201389': 0, '26110729': -20.0, '280120513': 40.0, '32319828': 0, '62426694': 0, 'cluster_1098574052_1098574061_247379905': 0}, {'247379907': 0, '252017285': 2, '256201389': 0, '26110729': 3, '280120513': 0, '32319828': 0, '62426694': 0, 'cluster_1098574052_1098574061_247379905': 0}, {'247379907': 0, '252017285': 2, '256201389': 0, '26110729': 5, '280120513': 0, '32319828': 0, '62426694': 0, 'cluster_1098574052_1098574061_247379905': 0}, 
27150.0, {'247379907': 0, '252017285': 14.0, '256201389': 0, '26110729': -71.0, '280120513': -4.0, '32319828': 0, '62426694': 0, 'cluster_1098574052_1098574061_247379905': 0}, {'247379907': 0, '252017285': 0, '256201389': 0, '26110729': 5, '280120513': 1, '32319828': 0, '62426694': 0, 'cluster_1098574052_1098574061_247379905': 0}, {'247379907': 0, '252017285': 0, '256201389': 0, '26110729': 9, '280120513': 1, '32319828': 0, '62426694': 0, 'cluster_1098574052_1098574061_247379905': 0}, 
27160.0, {'247379907': 0, '252017285': 0, '256201389': 0, '26110729': 49.0, '280120513': 4.0, '32319828': 0, '62426694': -4.0, 'cluster_1098574052_1098574061_247379905': 0}, {'247379907': 0, '252017285': 0, '256201389': 0, '26110729': 2, '280120513': 0, '32319828': 0, '62426694': 1, 'cluster_1098574052_1098574061_247379905': 0}, {'247379907': 0, '252017285': 0, '256201389': 0, '26110729': 3, '280120513': 0, '32319828': 0, '62426694': 1, 'cluster_1098574052_1098574061_247379905': 0}, 
27170.0, {'247379907': 0, '252017285': 0, '256201389': 0, '26110729': 29.0, '280120513': 0, '32319828': 0, '62426694': 3.0, 'cluster_1098574052_1098574061_247379905': 0}, {'247379907': 0, '252017285': 0, '256201389': 0, '26110729': 2, '280120513': 0, '32319828': 0, '62426694': 1, 'cluster_1098574052_1098574061_247379905': 0}, {'247379907': 0, '252017285': 0, '256201389': 0, '26110729': 2, '280120513': 0, '32319828': 0, '62426694': 1, 'cluster_1098574052_1098574061_247379905': 0}, 
27180.0, {'247379907': 0, '252017285': 0, '256201389': 0, '26110729': 13.0, '280120513': 0, '32319828': 0, '62426694': 1.0, 'cluster_1098574052_1098574061_247379905': 0}, {'247379907': 0, '252017285': 0, '256201389': 0, '26110729': 0, '280120513': 0, '32319828': 0, '62426694': 0, 'cluster_1098574052_1098574061_247379905': 0}, {'247379907': 0, '252017285': 0, '256201389': 0, '26110729': 0, '280120513': 0, '32319828': 0, '62426694': 0, 'cluster_1098574052_1098574061_247379905': 0}, 
27190.0, {'247379907': 0, '252017285': 0, '256201389': 0, '26110729': -7.0, '280120513': -5.0, '32319828': 0, '62426694': 0, 'cluster_1098574052_1098574061_247379905': 0}, {'247379907': 0, '252017285': 0, '256201389': 0, '26110729': 1, '280120513': 1, '32319828': 0, '62426694': 0, 'cluster_1098574052_1098574061_247379905': 0}, {'247379907': 0, '252017285': 0, '256201389': 0, '26110729': 1, '280120513': 1, '32319828': 0, '62426694': 0, 'cluster_1098574052_1098574061_247379905': 0}, 
27200.0, {'247379907': 0, '252017285': -5.0, '256201389': 0, '26110729': -23.0, '280120513': 5.0, '32319828': 0, '62426694': 0, 'cluster_1098574052_1098574061_247379905': 0}, {'247379907': 0, '252017285': 1, '256201389': 0, '26110729': 4, '280120513': 0, '32319828': 0, '62426694': 0, 'cluster_1098574052_1098574061_247379905': 0}, {'247379907': 0, '252017285': 1, '256201389': 0, '26110729': 6, '280120513': 0, '32319828': 0, '62426694': 0, 'cluster_1098574052_1098574061_247379905': 0}, 
27210.0, {'247379907': -5.0, '252017285': 2.0, '256201389': 0, '26110729': -43.0, '280120513': 0, '32319828': 0, '62426694': 0, 'cluster_1098574052_1098574061_247379905': 0}, {'247379907': 1, '252017285': 1, '256201389': 0, '26110729': 5, '280120513': 0, '32319828': 0, '62426694': 0, 'cluster_1098574052_1098574061_247379905': 0}, {'247379907': 1, '252017285': 1, '256201389': 0, '26110729': 5, '280120513': 0, '32319828': 0, '62426694': 0, 'cluster_1098574052_1098574061_247379905': 0}, 
27220.0, {'247379907': 5.0, '252017285': 3.0, '256201389': 0, '26110729': 28.0, '280120513': 0, '32319828': 0, '62426694': 0, 'cluster_1098574052_1098574061_247379905': -7.0}, {'247379907': 0, '252017285': 0, '256201389': 0, '26110729': 2, '280120513': 0, '32319828': 0, '62426694': 0, 'cluster_1098574052_1098574061_247379905': 1}, {'247379907': 0, '252017285': 0, '256201389': 0, '26110729': 4, '280120513': 0, '32319828': 0, '62426694': 0, 'cluster_1098574052_1098574061_247379905': 1}, 
27230.0, {'247379907': 0, '252017285': 0, '256201389': 0, '26110729': -13.0, '280120513': 0, '32319828': 0, '62426694': 0, 'cluster_1098574052_1098574061_247379905': 7.0}, {'247379907': 0, '252017285': 0, '256201389': 0, '26110729': 2, '280120513': 0, '32319828': 0, '62426694': 0, 'cluster_1098574052_1098574061_247379905': 0}, {'247379907': 0, '252017285': 0, '256201389': 0, '26110729': 2, '280120513': 0, '32319828': 0, '62426694': 0, 'cluster_1098574052_1098574061_247379905': 0}, 
27240.0, {'247379907': 0, '252017285': 0, '256201389': 0, '26110729': 53.0, '280120513': -10.0, '32319828': 0, '62426694': 0, 'cluster_1098574052_1098574061_247379905': -6.0}, {'247379907': 0, '252017285': 0, '256201389': 0, '26110729': 1, '280120513': 1, '32319828': 0, '62426694': 0, 'cluster_1098574052_1098574061_247379905': 2}, {'247379907': 0, '252017285': 0, '256201389': 0, '26110729': 1, '280120513': 1, '32319828': 0, '62426694': 0, 'cluster_1098574052_1098574061_247379905': 2}, 
27250.0, {'247379907': -4.0, '252017285': -3.0, '256201389': 0, '26110729': -4.0, '280120513': 10.0, '32319828': 0, '62426694': 0, 'cluster_1098574052_1098574061_247379905': -29.0}, {'247379907': 1, '252017285': 1, '256201389': 0, '26110729': 3, '280120513': 0, '32319828': 0, '62426694': 0, 'cluster_1098574052_1098574061_247379905': 3}, {'247379907': 1, '252017285': 1, '256201389': 0, '26110729': 3, '280120513': 0, '32319828': 0, '62426694': 0, 'cluster_1098574052_1098574061_247379905': 3}, 
27260.0, {'247379907': -28.0, '252017285': 3.0, '256201389': 0, '26110729': 9.0, '280120513': 0, '32319828': 0, '62426694': -4.0, 'cluster_1098574052_1098574061_247379905': 31.0}, {'247379907': 3, '252017285': 0, '256201389': 0, '26110729': 0, '280120513': 0, '32319828': 0, '62426694': 2, 'cluster_1098574052_1098574061_247379905': 1}, {'247379907': 4, '252017285': 0, '256201389': 0, '26110729': 0, '280120513': 0, '32319828': 0, '62426694': 2, 'cluster_1098574052_1098574061_247379905': 1}, 
27270.0, {'247379907': -47.0, '252017285': -7.0, '256201389': 0, '26110729': -10.0, '280120513': -1.0, '32319828': 0, '62426694': 4.0, 'cluster_1098574052_1098574061_247379905': -4.0}, {'247379907': 5, '252017285': 2, '256201389': 0, '26110729': 2, '280120513': 1, '32319828': 0, '62426694': 0, 'cluster_1098574052_1098574061_247379905': 1}, {'247379907': 6, '252017285': 2, '256201389': 0, '26110729': 2, '280120513': 1, '32319828': 0, '62426694': 0, 'cluster_1098574052_1098574061_247379905': 1}, 
27280.0, {'247379907': 25.0, '252017285': 7.0, '256201389': 0, '26110729': 10.0, '280120513': -3.0, '32319828': 0, '62426694': -4.0, 'cluster_1098574052_1098574061_247379905': 8.0}, {'247379907': 4, '252017285': 0, '256201389': 0, '26110729': 0, '280120513': 1, '32319828': 0, '62426694': 1, 'cluster_1098574052_1098574061_247379905': 0}, {'247379907': 6, '252017285': 0, '256201389': 0, '26110729': 0, '280120513': 1, '32319828': 0, '62426694': 1, 'cluster_1098574052_1098574061_247379905': 0}, 
27290.0, {'247379907': 17.0, '252017285': -5.0, '256201389': 0, '26110729': -7.0, '280120513': 4.0, '32319828': 0, '62426694': 4.0, 'cluster_1098574052_1098574061_247379905': 0}, {'247379907': 2, '252017285': 1, '256201389': 0, '26110729': 1, '280120513': 0, '32319828': 0, '62426694': 0, 'cluster_1098574052_1098574061_247379905': 0}, {'247379907': 4, '252017285': 1, '256201389': 0, '26110729': 1, '280120513': 0, '32319828': 0, '62426694': 0, 'cluster_1098574052_1098574061_247379905': 0}, 
27300.0, {'247379907': 8.0, '252017285': 5.0, '256201389': 0, '26110729': 4.0, '280120513': 0, '32319828': 0, '62426694': 0, 'cluster_1098574052_1098574061_247379905': 0}, {'247379907': 2, '252017285': 0, '256201389': 0, '26110729': 1, '280120513': 0, '32319828': 0, '62426694': 0, 'cluster_1098574052_1098574061_247379905': 0}, {'247379907': 2, '252017285': 0, '256201389': 0, '26110729': 1, '280120513': 0, '32319828': 0, '62426694': 0, 'cluster_1098574052_1098574061_247379905': 0}, 
27310.0, {'247379907': 28.0, '252017285': 0, '256201389': 0, '26110729': -4.0, '280120513': 0, '32319828': 0, '62426694': -3.0, 'cluster_1098574052_1098574061_247379905': 0}, {'247379907': 1, '252017285': 0, '256201389': 0, '26110729': 2, '280120513': 0, '32319828': 0, '62426694': 1, 'cluster_1098574052_1098574061_247379905': 0}, {'247379907': 1, '252017285': 0, '256201389': 0, '26110729': 3, '280120513': 0, '32319828': 0, '62426694': 1, 'cluster_1098574052_1098574061_247379905': 0}, 
27320.0, {'247379907': 1.0, '252017285': 0, '256201389': 0, '26110729': 7.0, '280120513': -10.0, '32319828': -7.0, '62426694': 3.0, 'cluster_1098574052_1098574061_247379905': 0}, {'247379907': 0, '252017285': 0, '256201389': 0, '26110729': 0, '280120513': 2, '32319828': 1, '62426694': 0, 'cluster_1098574052_1098574061_247379905': 0}, {'247379907': 0, '252017285': 0, '256201389': 0, '26110729': 0, '280120513': 2, '32319828': 1, '62426694': 0, 'cluster_1098574052_1098574061_247379905': 0}, 
27330.0, {'247379907': 0, '252017285': -9.0, '256201389': 0, '26110729': -3.0, '280120513': 10.0, '32319828': 7.0, '62426694': 0, 'cluster_1098574052_1098574061_247379905': 0}, {'247379907': 0, '252017285': 1, '256201389': 0, '26110729': 1, '280120513': 0, '32319828': 0, '62426694': 0, 'cluster_1098574052_1098574061_247379905': 0}, {'247379907': 0, '252017285': 1, '256201389': 0, '26110729': 1, '280120513': 0, '32319828': 0, '62426694': 0, 'cluster_1098574052_1098574061_247379905': 0}, 
27340.0, {'247379907': 0, '252017285': -4.0, '256201389': 0, '26110729': 3.0, '280120513': -7.0, '32319828': 0, '62426694': -1.0, 'cluster_1098574052_1098574061_247379905': -1.0}, {'247379907': 0, '252017285': 2, '256201389': 0, '26110729': 0, '280120513': 1, '32319828': 0, '62426694': 1, 'cluster_1098574052_1098574061_247379905': 1}, {'247379907': 0, '252017285': 3, '256201389': 0, '26110729': 0, '280120513': 1, '32319828': 0, '62426694': 1, 'cluster_1098574052_1098574061_247379905': 1}, 
27350.0, {'247379907': 0, '252017285': 4.0, '256201389': 0, '26110729': 0, '280120513': 6.0, '32319828': 0, '62426694': -3.0, 'cluster_1098574052_1098574061_247379905': 1.0}, {'247379907': 0, '252017285': 2, '256201389': 0, '26110729': 0, '280120513': 1, '32319828': 0, '62426694': 1, 'cluster_1098574052_1098574061_247379905': 0}, {'247379907': 0, '252017285': 2, '256201389': 0, '26110729': 0, '280120513': 1, '32319828': 0, '62426694': 1, 'cluster_1098574052_1098574061_247379905': 0}, 
27360.0, {'247379907': 0, '252017285': -5.0, '256201389': 0, '26110729': -9.0, '280120513': 1.0, '32319828': 0, '62426694': 4.0, 'cluster_1098574052_1098574061_247379905': -4.0}, {'247379907': 0, '252017285': 2, '256201389': 0, '26110729': 1, '280120513': 0, '32319828': 0, '62426694': 0, 'cluster_1098574052_1098574061_247379905': 1}, {'247379907': 0, '252017285': 2, '256201389': 0, '26110729': 1, '280120513': 0, '32319828': 0, '62426694': 0, 'cluster_1098574052_1098574061_247379905': 1}, 
27370.0, {'247379907': 0, '252017285': -2.0, '256201389': 0, '26110729': 9.0, '280120513': 0, '32319828': 0, '62426694': -5.0, 'cluster_1098574052_1098574061_247379905': 4.0}, {'247379907': 0, '252017285': 1, '256201389': 0, '26110729': 0, '280120513': 0, '32319828': 0, '62426694': 1, 'cluster_1098574052_1098574061_247379905': 0}, {'247379907': 0, '252017285': 1, '256201389': 0, '26110729': 0, '280120513': 0, '32319828': 0, '62426694': 1, 'cluster_1098574052_1098574061_247379905': 0}, 
27380.0, {'247379907': 0, '252017285': 16.0, '256201389': 0, '26110729': 0, '280120513': 0, '32319828': 0, '62426694': 5.0, 'cluster_1098574052_1098574061_247379905': -15.0}, {'247379907': 0, '252017285': 0, '256201389': 0, '26110729': 0, '280120513': 0, '32319828': 0, '62426694': 0, 'cluster_1098574052_1098574061_247379905': 3}, {'247379907': 0, '252017285': 0, '256201389': 0, '26110729': 0, '280120513': 0, '32319828': 0, '62426694': 0, 'cluster_1098574052_1098574061_247379905': 3}, 
27390.0, {'247379907': 0, '252017285': 0, '256201389': 0, '26110729': -7.0, '280120513': 0, '32319828': 0, '62426694': 0, 'cluster_1098574052_1098574061_247379905': 5.0}, {'247379907': 0, '252017285': 0, '256201389': 0, '26110729': 1, '280120513': 0, '32319828': 0, '62426694': 0, 'cluster_1098574052_1098574061_247379905': 1}, {'247379907': 0, '252017285': 0, '256201389': 0, '26110729': 1, '280120513': 0, '32319828': 0, '62426694': 0, 'cluster_1098574052_1098574061_247379905': 1}, 
27400.0, {'247379907': -2.0, '252017285': -8.0, '256201389': 0, '26110729': 7.0, '280120513': 0, '32319828': 0, '62426694': -1.0, 'cluster_1098574052_1098574061_247379905': -15.0}, {'247379907': 1, '252017285': 1, '256201389': 0, '26110729': 0, '280120513': 0, '32319828': 0, '62426694': 1, 'cluster_1098574052_1098574061_247379905': 3}, {'247379907': 1, '252017285': 1, '256201389': 0, '26110729': 0, '280120513': 0, '32319828': 0, '62426694': 1, 'cluster_1098574052_1098574061_247379905': 5}, 
27410.0, {'247379907': -5.0, '252017285': 8.0, '256201389': 0, '26110729': -5.0, '280120513': 0, '32319828': 0, '62426694': 1.0, 'cluster_1098574052_1098574061_247379905': -71.0}, {'247379907': 1, '252017285': 0, '256201389': 0, '26110729': 1, '280120513': 0, '32319828': 0, '62426694': 0, 'cluster_1098574052_1098574061_247379905': 4}, {'247379907': 1, '252017285': 0, '256201389': 0, '26110729': 1, '280120513': 0, '32319828': 0, '62426694': 0, 'cluster_1098574052_1098574061_247379905': 8}, 
27420.0, {'247379907': 7.0, '252017285': 0, '256201389': 0, '26110729': 5.0, '280120513': 0, '32319828': 0, '62426694': 0, 'cluster_1098574052_1098574061_247379905': 23.0}, {'247379907': 0, '252017285': 0, '256201389': 0, '26110729': 0, '280120513': 0, '32319828': 0, '62426694': 0, 'cluster_1098574052_1098574061_247379905': 3}, {'247379907': 0, '252017285': 0, '256201389': 0, '26110729': 0, '280120513': 0, '32319828': 0, '62426694': 0, 'cluster_1098574052_1098574061_247379905': 4}, 
27430.0, {'247379907': -9.0, '252017285': 0, '256201389': 0, '26110729': -7.0, '280120513': 0, '32319828': 0, '62426694': 0, 'cluster_1098574052_1098574061_247379905': 20.0}, {'247379907': 1, '252017285': 0, '256201389': 0, '26110729': 2, '280120513': 0, '32319828': 0, '62426694': 0, 'cluster_1098574052_1098574061_247379905': 2}, {'247379907': 1, '252017285': 0, '256201389': 0, '26110729': 2, '280120513': 0, '32319828': 0, '62426694': 0, 'cluster_1098574052_1098574061_247379905': 2}, 
27440.0, {'247379907': 9.0, '252017285': 0, '256201389': 0, '26110729': 7.0, '280120513': 0, '32319828': 0, '62426694': -6.0, 'cluster_1098574052_1098574061_247379905': 18.0}, {'247379907': 0, '252017285': 0, '256201389': 0, '26110729': 0, '280120513': 0, '32319828': 0, '62426694': 1, 'cluster_1098574052_1098574061_247379905': 1}, {'247379907': 0, '252017285': 0, '256201389': 0, '26110729': 0, '280120513': 0, '32319828': 0, '62426694': 1, 'cluster_1098574052_1098574061_247379905': 1}, 
27450.0, {'247379907': 0, '252017285': 0, '256201389': 0, '26110729': -7.0, '280120513': 0, '32319828': 0, '62426694': 6.0, 'cluster_1098574052_1098574061_247379905': 35.0}, {'247379907': 0, '252017285': 0, '256201389': 0, '26110729': 1, '280120513': 0, '32319828': 0, '62426694': 0, 'cluster_1098574052_1098574061_247379905': 0}, {'247379907': 0, '252017285': 0, '256201389': 0, '26110729': 1, '280120513': 0, '32319828': 0, '62426694': 0, 'cluster_1098574052_1098574061_247379905': 0}, 
27460.0, {'247379907': -9.0, '252017285': 0, '256201389': 0, '26110729': 7.0, '280120513': 0, '32319828': 0, '62426694': 0, 'cluster_1098574052_1098574061_247379905': 0}, {'247379907': 1, '252017285': 0, '256201389': 0, '26110729': 0, '280120513': 0, '32319828': 0, '62426694': 0, 'cluster_1098574052_1098574061_247379905': 0}, {'247379907': 2, '252017285': 0, '256201389': 0, '26110729': 0, '280120513': 0, '32319828': 0, '62426694': 0, 'cluster_1098574052_1098574061_247379905': 0}, 
27470.0, {'247379907': -12.0, '252017285': 0, '256201389': 0, '26110729': 0, '280120513': 0, '32319828': 0, '62426694': 0, 'cluster_1098574052_1098574061_247379905': 0}, {'247379907': 2, '252017285': 0, '256201389': 0, '26110729': 0, '280120513': 0, '32319828': 0, '62426694': 0, 'cluster_1098574052_1098574061_247379905': 0}, {'247379907': 2, '252017285': 0, '256201389': 0, '26110729': 0, '280120513': 0, '32319828': 0, '62426694': 0, 'cluster_1098574052_1098574061_247379905': 0}, 
27480.0, {'247379907': 21.0, '252017285': 0, '256201389': 0, '26110729': 0, '280120513': 0, '32319828': 0, '62426694': 0, 'cluster_1098574052_1098574061_247379905': -1.0}, {'247379907': 0, '252017285': 0, '256201389': 0, '26110729': 0, '280120513': 0, '32319828': 0, '62426694': 0, 'cluster_1098574052_1098574061_247379905': 1}, {'247379907': 0, '252017285': 0, '256201389': 0, '26110729': 0, '280120513': 0, '32319828': 0, '62426694': 0, 'cluster_1098574052_1098574061_247379905': 1}, 
27490.0, {'247379907': 0, '252017285': 0, '256201389': 0, '26110729': 0, '280120513': 0, '32319828': 0, '62426694': 0, 'cluster_1098574052_1098574061_247379905': 1.0}, {'247379907': 0, '252017285': 0, '256201389': 0, '26110729': 0, '280120513': 0, '32319828': 0, '62426694': 0, 'cluster_1098574052_1098574061_247379905': 0}, {'247379907': 0, '252017285': 0, '256201389': 0, '26110729': 0, '280120513': 0, '32319828': 0, '62426694': 0, 'cluster_1098574052_1098574061_247379905': 0}, 
27500.0, {'247379907': 0, '252017285': 0, '256201389': 0, '26110729': -7.0, '280120513': 0, '32319828': 0, '62426694': 0, 'cluster_1098574052_1098574061_247379905': -3.0}, {'247379907': 0, '252017285': 0, '256201389': 0, '26110729': 1, '280120513': 0, '32319828': 0, '62426694': 0, 'cluster_1098574052_1098574061_247379905': 1}, {'247379907': 0, '252017285': 0, '256201389': 0, '26110729': 1, '280120513': 0, '32319828': 0, '62426694': 0, 'cluster_1098574052_1098574061_247379905': 1}, 
27510.0, {'247379907': -21.0, '252017285': 0, '256201389': 0, '26110729': 1.0, '280120513': 0, '32319828': 0, '62426694': 0, 'cluster_1098574052_1098574061_247379905': 3.0}, {'247379907': 3, '252017285': 0, '256201389': 0, '26110729': 1, '280120513': 0, '32319828': 0, '62426694': 0, 'cluster_1098574052_1098574061_247379905': 0}, {'247379907': 5, '252017285': 0, '256201389': 0, '26110729': 1, '280120513': 0, '32319828': 0, '62426694': 0, 'cluster_1098574052_1098574061_247379905': 0}, 
27520.0, {'247379907': 21.0, '252017285': -5.0, '256201389': 0, '26110729': 6.0, '280120513': 0, '32319828': 0, '62426694': -1.0, 'cluster_1098574052_1098574061_247379905': 0}, {'247379907': 0, '252017285': 1, '256201389': 0, '26110729': 0, '280120513': 0, '32319828': 0, '62426694': 1, 'cluster_1098574052_1098574061_247379905': 0}, {'247379907': 0, '252017285': 1, '256201389': 0, '26110729': 0, '280120513': 0, '32319828': 0, '62426694': 1, 'cluster_1098574052_1098574061_247379905': 0}, 
27530.0, {'247379907': -6.0, '252017285': 5.0, '256201389': 0, '26110729': 0, '280120513': 0, '32319828': 0, '62426694': 1.0, 'cluster_1098574052_1098574061_247379905': 0}, {'247379907': 1, '252017285': 0, '256201389': 0, '26110729': 0, '280120513': 0, '32319828': 0, '62426694': 0, 'cluster_1098574052_1098574061_247379905': 0}, {'247379907': 1, '252017285': 0, '256201389': 0, '26110729': 0, '280120513': 0, '32319828': 0, '62426694': 0, 'cluster_1098574052_1098574061_247379905': 0}, 
27540.0, {'247379907': -16.0, '252017285': -1.0, '256201389': 0, '26110729': -8.0, '280120513': 0, '32319828': 0, '62426694': 0, 'cluster_1098574052_1098574061_247379905': 0}, {'247379907': 2, '252017285': 1, '256201389': 0, '26110729': 2, '280120513': 0, '32319828': 0, '62426694': 0, 'cluster_1098574052_1098574061_247379905': 0}, {'247379907': 3, '252017285': 1, '256201389': 0, '26110729': 2, '280120513': 0, '32319828': 0, '62426694': 0, 'cluster_1098574052_1098574061_247379905': 0}, 
27550.0, {'247379907': 4.0, '252017285': 1.0, '256201389': 0, '26110729': 7.0, '280120513': 0, '32319828': 0, '62426694': -10.0, 'cluster_1098574052_1098574061_247379905': 0}, {'247379907': 2, '252017285': 0, '256201389': 0, '26110729': 1, '280120513': 0, '32319828': 0, '62426694': 2, 'cluster_1098574052_1098574061_247379905': 0}, {'247379907': 2, '252017285': 0, '256201389': 0, '26110729': 1, '280120513': 0, '32319828': 0, '62426694': 2, 'cluster_1098574052_1098574061_247379905': 0}, 
27560.0, {'247379907': 18.0, '252017285': -2.0, '256201389': 0, '26110729': 1.0, '280120513': 0, '32319828': 0, '62426694': 10.0, 'cluster_1098574052_1098574061_247379905': 0}, {'247379907': 0, '252017285': 1, '256201389': 0, '26110729': 0, '280120513': 0, '32319828': 0, '62426694': 0, 'cluster_1098574052_1098574061_247379905': 0}, {'247379907': 0, '252017285': 1, '256201389': 0, '26110729': 0, '280120513': 0, '32319828': 0, '62426694': 0, 'cluster_1098574052_1098574061_247379905': 0}, 
27570.0, {'247379907': 0, '252017285': 2.0, '256201389': 0, '26110729': -8.0, '280120513': 0, '32319828': 0, '62426694': 0, 'cluster_1098574052_1098574061_247379905': 0}, {'247379907': 0, '252017285': 0, '256201389': 0, '26110729': 1, '280120513': 0, '32319828': 0, '62426694': 0, 'cluster_1098574052_1098574061_247379905': 0}, {'247379907': 0, '252017285': 0, '256201389': 0, '26110729': 2, '280120513': 0, '32319828': 0, '62426694': 0, 'cluster_1098574052_1098574061_247379905': 0}, 
27580.0, {'247379907': -9.0, '252017285': 0, '256201389': 0, '26110729': -1.0, '280120513': -6.0, '32319828': 0, '62426694': 0, 'cluster_1098574052_1098574061_247379905': -6.0}, {'247379907': 2, '252017285': 0, '256201389': 0, '26110729': 3, '280120513': 1, '32319828': 0, '62426694': 0, 'cluster_1098574052_1098574061_247379905': 1}, {'247379907': 2, '252017285': 0, '256201389': 0, '26110729': 4, '280120513': 1, '32319828': 0, '62426694': 0, 'cluster_1098574052_1098574061_247379905': 1}, 
27590.0, {'247379907': 8.0, '252017285': 0, '256201389': 0, '26110729': 1.0, '280120513': 6.0, '32319828': 0, '62426694': 0, 'cluster_1098574052_1098574061_247379905': 6.0}, {'247379907': 1, '252017285': 0, '256201389': 0, '26110729': 1, '280120513': 0, '32319828': 0, '62426694': 0, 'cluster_1098574052_1098574061_247379905': 0}, {'247379907': 1, '252017285': 0, '256201389': 0, '26110729': 2, '280120513': 0, '32319828': 0, '62426694': 0, 'cluster_1098574052_1098574061_247379905': 0}, 
27600.0, {'247379907': -16.0, '252017285': -2.0, '256201389': 0, '26110729': -7.0, '280120513': 0, '32319828': 0, '62426694': 0, 'cluster_1098574052_1098574061_247379905': -6.0}, {'247379907': 2, '252017285': 1, '256201389': 0, '26110729': 4, '280120513': 0, '32319828': 0, '62426694': 0, 'cluster_1098574052_1098574061_247379905': 1}, {'247379907': 3, '252017285': 1, '256201389': 0, '26110729': 4, '280120513': 0, '32319828': 0, '62426694': 0, 'cluster_1098574052_1098574061_247379905': 1}, 
27610.0, {'247379907': 17.0, '252017285': -4.0, '256201389': 0, '26110729': -15.0, '280120513': 0, '32319828': 0, '62426694': 0, 'cluster_1098574052_1098574061_247379905': -10.0}, {'247379907': 0, '252017285': 2, '256201389': 0, '26110729': 4, '280120513': 0, '32319828': 0, '62426694': 0, 'cluster_1098574052_1098574061_247379905': 3}, {'247379907': 0, '252017285': 2, '256201389': 0, '26110729': 5, '280120513': 0, '32319828': 0, '62426694': 0, 'cluster_1098574052_1098574061_247379905': 3}, 
27620.0, {'247379907': -11.0, '252017285': 6.0, '256201389': 0, '26110729': -7.0, '280120513': 0, '32319828': 0, '62426694': -3.0, 'cluster_1098574052_1098574061_247379905': 14.0}, {'247379907': 3, '252017285': 0, '256201389': 0, '26110729': 2, '280120513': 0, '32319828': 0, '62426694': 1, 'cluster_1098574052_1098574061_247379905': 1}, {'247379907': 3, '252017285': 0, '256201389': 0, '26110729': 4, '280120513': 0, '32319828': 0, '62426694': 1, 'cluster_1098574052_1098574061_247379905': 1}, 
27630.0, {'247379907': 11.0, '252017285': -2.0, '256201389': 0, '26110729': -59.0, '280120513': 0, '32319828': 0, '62426694': 1.0, 'cluster_1098574052_1098574061_247379905': -18.0}, {'247379907': 0, '252017285': 1, '256201389': 0, '26110729': 3, '280120513': 0, '32319828': 0, '62426694': 1, 'cluster_1098574052_1098574061_247379905': 5}, {'247379907': 0, '252017285': 1, '256201389': 0, '26110729': 7, '280120513': 0, '32319828': 0, '62426694': 1, 'cluster_1098574052_1098574061_247379905': 5}, 
27640.0, {'247379907': -34.0, '252017285': 2.0, '256201389': 0, '26110729': -14.0, '280120513': 0, '32319828': 0, '62426694': 2.0, 'cluster_1098574052_1098574061_247379905': -3.0}, {'247379907': 5, '252017285': 0, '256201389': 0, '26110729': 2, '280120513': 0, '32319828': 0, '62426694': 0, 'cluster_1098574052_1098574061_247379905': 2}, {'247379907': 8, '252017285': 0, '256201389': 0, '26110729': 6, '280120513': 0, '32319828': 0, '62426694': 0, 'cluster_1098574052_1098574061_247379905': 2}, 
27650.0, {'247379907': -3.0, '252017285': 0, '256201389': 0, '26110729': 51.0, '280120513': 0, '32319828': 0, '62426694': 0, 'cluster_1098574052_1098574061_247379905': -1.0}, {'247379907': 2, '252017285': 0, '256201389': 0, '26110729': 2, '280120513': 0, '32319828': 0, '62426694': 0, 'cluster_1098574052_1098574061_247379905': 3}, {'247379907': 3, '252017285': 0, '256201389': 0, '26110729': 4, '280120513': 0, '32319828': 0, '62426694': 0, 'cluster_1098574052_1098574061_247379905': 3}, 
27660.0, {'247379907': 10.0, '252017285': 0, '256201389': 0, '26110729': 54.0, '280120513': 0, '32319828': 0, '62426694': -6.0, 'cluster_1098574052_1098574061_247379905': 10.0}, {'247379907': 1, '252017285': 0, '256201389': 0, '26110729': 1, '280120513': 0, '32319828': 0, '62426694': 1, 'cluster_1098574052_1098574061_247379905': 2}, {'247379907': 2, '252017285': 0, '256201389': 0, '26110729': 1, '280120513': 0, '32319828': 0, '62426694': 1, 'cluster_1098574052_1098574061_247379905': 2}, 
27670.0, {'247379907': -33.0, '252017285': -1.0, '256201389': 0, '26110729': -10.0, '280120513': 0, '32319828': 0, '62426694': 6.0, 'cluster_1098574052_1098574061_247379905': 14.0}, {'247379907': 2, '252017285': 1, '256201389': 0, '26110729': 1, '280120513': 0, '32319828': 0, '62426694': 0, 'cluster_1098574052_1098574061_247379905': 0}, {'247379907': 4, '252017285': 1, '256201389': 0, '26110729': 4, '280120513': 0, '32319828': 0, '62426694': 0, 'cluster_1098574052_1098574061_247379905': 0}, 
27680.0, {'247379907': 19.0, '252017285': 1.0, '256201389': 0, '26110729': 6.0, '280120513': 0, '32319828': 0, '62426694': 0, 'cluster_1098574052_1098574061_247379905': -7.0}, {'247379907': 2, '252017285': 0, '256201389': 0, '26110729': 1, '280120513': 0, '32319828': 0, '62426694': 0, 'cluster_1098574052_1098574061_247379905': 1}, {'247379907': 2, '252017285': 0, '256201389': 0, '26110729': 1, '280120513': 0, '32319828': 0, '62426694': 0, 'cluster_1098574052_1098574061_247379905': 1}, 
27690.0, {'247379907': 34.0, '252017285': 0, '256201389': 0, '26110729': -16.0, '280120513': 0, '32319828': 0, '62426694': -5.0, 'cluster_1098574052_1098574061_247379905': -10.0}, {'247379907': 1, '252017285': 0, '256201389': 0, '26110729': 3, '280120513': 0, '32319828': 0, '62426694': 1, 'cluster_1098574052_1098574061_247379905': 1}, {'247379907': 2, '252017285': 0, '256201389': 0, '26110729': 5, '280120513': 0, '32319828': 0, '62426694': 1, 'cluster_1098574052_1098574061_247379905': 1}, 
27700.0, {'247379907': -4.0, '252017285': -3.0, '256201389': 0, '26110729': 15.0, '280120513': 0, '32319828': 0, '62426694': -20.0, 'cluster_1098574052_1098574061_247379905': -13.0}, {'247379907': 2, '252017285': 1, '256201389': 0, '26110729': 2, '280120513': 0, '32319828': 0, '62426694': 2, 'cluster_1098574052_1098574061_247379905': 3}, {'247379907': 2, '252017285': 1, '256201389': 0, '26110729': 2, '280120513': 0, '32319828': 0, '62426694': 2, 'cluster_1098574052_1098574061_247379905': 3}, 
27710.0, {'247379907': 4.0, '252017285': 3.0, '256201389': 0, '26110729': -11.0, '280120513': 0, '32319828': 0, '62426694': 25.0, 'cluster_1098574052_1098574061_247379905': 30.0}, {'247379907': 1, '252017285': 0, '256201389': 0, '26110729': 2, '280120513': 0, '32319828': 0, '62426694': 0, 'cluster_1098574052_1098574061_247379905': 0}, {'247379907': 1, '252017285': 0, '256201389': 0, '26110729': 3, '280120513': 0, '32319828': 0, '62426694': 0, 'cluster_1098574052_1098574061_247379905': 0}, 
27720.0, {'247379907': -6.0, '252017285': 0, '256201389': 0, '26110729': 14.0, '280120513': 0, '32319828': 0, '62426694': 0, 'cluster_1098574052_1098574061_247379905': -12.0}, {'247379907': 1, '252017285': 0, '256201389': 0, '26110729': 1, '280120513': 0, '32319828': 0, '62426694': 0, 'cluster_1098574052_1098574061_247379905': 2}, {'247379907': 2, '252017285': 0, '256201389': 0, '26110729': 2, '280120513': 0, '32319828': 0, '62426694': 0, 'cluster_1098574052_1098574061_247379905': 2}, 
27730.0, {'247379907': -3.0, '252017285': -9.0, '256201389': -5.0, '26110729': -4.0, '280120513': 0, '32319828': 0, '62426694': 0, 'cluster_1098574052_1098574061_247379905': 2.0}, {'247379907': 3, '252017285': 1, '256201389': 1, '26110729': 1, '280120513': 0, '32319828': 0, '62426694': 0, 'cluster_1098574052_1098574061_247379905': 1}, {'247379907': 4, '252017285': 1, '256201389': 1, '26110729': 1, '280120513': 0, '32319828': 0, '62426694': 0, 'cluster_1098574052_1098574061_247379905': 1}, 
27740.0, {'247379907': 10.0, '252017285': -10.0, '256201389': -10.0, '26110729': -3.0, '280120513': 0, '32319828': 0, '62426694': -8.0, 'cluster_1098574052_1098574061_247379905': 5.0}, {'247379907': 1, '252017285': 1, '256201389': 1, '26110729': 3, '280120513': 0, '32319828': 0, '62426694': 2, 'cluster_1098574052_1098574061_247379905': 1}, {'247379907': 1, '252017285': 1, '256201389': 1, '26110729': 3, '280120513': 0, '32319828': 0, '62426694': 2, 'cluster_1098574052_1098574061_247379905': 1}, 
27750.0, {'247379907': -8.0, '252017285': 19.0, '256201389': 15.0, '26110729': -8.0, '280120513': 0, '32319828': 0, '62426694': -38.0, 'cluster_1098574052_1098574061_247379905': 5.0}, {'247379907': 2, '252017285': 0, '256201389': 0, '26110729': 1, '280120513': 0, '32319828': 0, '62426694': 4, 'cluster_1098574052_1098574061_247379905': 0}, {'247379907': 2, '252017285': 0, '256201389': 0, '26110729': 3, '280120513': 0, '32319828': 0, '62426694': 4, 'cluster_1098574052_1098574061_247379905': 0}, 
27760.0, {'247379907': 14.0, '252017285': -1.0, '256201389': 0, '26110729': -26.0, '280120513': 0, '32319828': 0, '62426694': 28.0, 'cluster_1098574052_1098574061_247379905': 0}, {'247379907': 0, '252017285': 1, '256201389': 0, '26110729': 2, '280120513': 0, '32319828': 0, '62426694': 1, 'cluster_1098574052_1098574061_247379905': 0}, {'247379907': 0, '252017285': 1, '256201389': 0, '26110729': 6, '280120513': 0, '32319828': 0, '62426694': 1, 'cluster_1098574052_1098574061_247379905': 0}, 
27770.0, {'247379907': 0, '252017285': 1.0, '256201389': 0, '26110729': 48.0, '280120513': 0, '32319828': 0, '62426694': 18.0, 'cluster_1098574052_1098574061_247379905': -8.0}, {'247379907': 0, '252017285': 0, '256201389': 0, '26110729': 0, '280120513': 0, '32319828': 0, '62426694': 0, 'cluster_1098574052_1098574061_247379905': 1}, {'247379907': 0, '252017285': 0, '256201389': 0, '26110729': 0, '280120513': 0, '32319828': 0, '62426694': 0, 'cluster_1098574052_1098574061_247379905': 1}, 
27780.0, {'247379907': -3.0, '252017285': 0, '256201389': 0, '26110729': 0, '280120513': 0, '32319828': 0, '62426694': 0, 'cluster_1098574052_1098574061_247379905': -5.0}, {'247379907': 1, '252017285': 0, '256201389': 0, '26110729': 0, '280120513': 0, '32319828': 0, '62426694': 0, 'cluster_1098574052_1098574061_247379905': 2}, {'247379907': 1, '252017285': 0, '256201389': 0, '26110729': 0, '280120513': 0, '32319828': 0, '62426694': 0, 'cluster_1098574052_1098574061_247379905': 2}, 
27790.0, {'247379907': 3.0, '252017285': 0, '256201389': 0, '26110729': -8.0, '280120513': 0, '32319828': 0, '62426694': 0, 'cluster_1098574052_1098574061_247379905': 13.0}, {'247379907': 0, '252017285': 0, '256201389': 0, '26110729': 2, '280120513': 0, '32319828': 0, '62426694': 0, 'cluster_1098574052_1098574061_247379905': 0}, {'247379907': 0, '252017285': 0, '256201389': 0, '26110729': 3, '280120513': 0, '32319828': 0, '62426694': 0, 'cluster_1098574052_1098574061_247379905': 0}, 
27800.0, {'247379907': 0, '252017285': 0, '256201389': 0, '26110729': 8.0, '280120513': 0, '32319828': 0, '62426694': -3.0, 'cluster_1098574052_1098574061_247379905': -25.0}, {'247379907': 0, '252017285': 0, '256201389': 0, '26110729': 0, '280120513': 0, '32319828': 0, '62426694': 1, 'cluster_1098574052_1098574061_247379905': 5}, {'247379907': 0, '252017285': 0, '256201389': 0, '26110729': 0, '280120513': 0, '32319828': 0, '62426694': 1, 'cluster_1098574052_1098574061_247379905': 5}, 
27810.0, {'247379907': 0, '252017285': 0, '256201389': 0, '26110729': -13.0, '280120513': 0, '32319828': 0, '62426694': 3.0, 'cluster_1098574052_1098574061_247379905': -1.0}, {'247379907': 0, '252017285': 0, '256201389': 0, '26110729': 2, '280120513': 0, '32319828': 0, '62426694': 0, 'cluster_1098574052_1098574061_247379905': 2}, {'247379907': 0, '252017285': 0, '256201389': 0, '26110729': 2, '280120513': 0, '32319828': 0, '62426694': 0, 'cluster_1098574052_1098574061_247379905': 2}, 
27820.0, {'247379907': 0, '252017285': 0, '256201389': 0, '26110729': 13.0, '280120513': 0, '32319828': 0, '62426694': -4.0, 'cluster_1098574052_1098574061_247379905': 26.0}, {'247379907': 0, '252017285': 0, '256201389': 0, '26110729': 0, '280120513': 0, '32319828': 0, '62426694': 1, 'cluster_1098574052_1098574061_247379905': 0}, {'247379907': 0, '252017285': 0, '256201389': 0, '26110729': 0, '280120513': 0, '32319828': 0, '62426694': 1, 'cluster_1098574052_1098574061_247379905': 0}, 
27830.0, {'247379907': 0, '252017285': 0, '256201389': 0, '26110729': 0, '280120513': 0, '32319828': 0, '62426694': 4.0, 'cluster_1098574052_1098574061_247379905': -3.0}, {'247379907': 0, '252017285': 0, '256201389': 0, '26110729': 0, '280120513': 0, '32319828': 0, '62426694': 0, 'cluster_1098574052_1098574061_247379905': 1}, {'247379907': 0, '252017285': 0, '256201389': 0, '26110729': 0, '280120513': 0, '32319828': 0, '62426694': 0, 'cluster_1098574052_1098574061_247379905': 1}, 
27840.0, {'247379907': -5.0, '252017285': 0, '256201389': 0, '26110729': -17.0, '280120513': 0, '32319828': 0, '62426694': 0, 'cluster_1098574052_1098574061_247379905': 3.0}, {'247379907': 2, '252017285': 0, '256201389': 0, '26110729': 3, '280120513': 0, '32319828': 0, '62426694': 0, 'cluster_1098574052_1098574061_247379905': 0}, {'247379907': 2, '252017285': 0, '256201389': 0, '26110729': 4, '280120513': 0, '32319828': 0, '62426694': 0, 'cluster_1098574052_1098574061_247379905': 0}, 
27850.0, {'247379907': -1.0, '252017285': 0, '256201389': 0, '26110729': -22.0, '280120513': 0, '32319828': 0, '62426694': 0, 'cluster_1098574052_1098574061_247379905': 0}, {'247379907': 1, '252017285': 0, '256201389': 0, '26110729': 3, '280120513': 0, '32319828': 0, '62426694': 0, 'cluster_1098574052_1098574061_247379905': 0}, {'247379907': 1, '252017285': 0, '256201389': 0, '26110729': 4, '280120513': 0, '32319828': 0, '62426694': 0, 'cluster_1098574052_1098574061_247379905': 0}, 
27860.0, {'247379907': 0.0, '252017285': -2.0, '256201389': 0, '26110729': 26.0, '280120513': 0, '32319828': 0, '62426694': 0, 'cluster_1098574052_1098574061_247379905': -5.0}, {'247379907': 1, '252017285': 1, '256201389': 0, '26110729': 2, '280120513': 0, '32319828': 0, '62426694': 0, 'cluster_1098574052_1098574061_247379905': 1}, {'247379907': 1, '252017285': 1, '256201389': 0, '26110729': 2, '280120513': 0, '32319828': 0, '62426694': 0, 'cluster_1098574052_1098574061_247379905': 1}, 
27870.0, {'247379907': 6.0, '252017285': 2.0, '256201389': 0, '26110729': -20.0, '280120513': 0, '32319828': 0, '62426694': 0, 'cluster_1098574052_1098574061_247379905': 5.0}, {'247379907': 0, '252017285': 0, '256201389': 0, '26110729': 2, '280120513': 0, '32319828': 0, '62426694': 0, 'cluster_1098574052_1098574061_247379905': 0}, {'247379907': 0, '252017285': 0, '256201389': 0, '26110729': 2, '280120513': 0, '32319828': 0, '62426694': 0, 'cluster_1098574052_1098574061_247379905': 0}, 
27880.0, {'247379907': 0, '252017285': 0, '256201389': 0, '26110729': -29.0, '280120513': -2.0, '32319828': 0, '62426694': -6.0, 'cluster_1098574052_1098574061_247379905': 0}, {'247379907': 0, '252017285': 0, '256201389': 0, '26110729': 2, '280120513': 1, '32319828': 0, '62426694': 1, 'cluster_1098574052_1098574061_247379905': 0}, {'247379907': 0, '252017285': 0, '256201389': 0, '26110729': 4, '280120513': 1, '32319828': 0, '62426694': 1, 'cluster_1098574052_1098574061_247379905': 0}, 
27890.0, {'247379907': -7.0, '252017285': -5.0, '256201389': 0, '26110729': 25.0, '280120513': 2.0, '32319828': 0, '62426694': 6.0, 'cluster_1098574052_1098574061_247379905': 0}, {'247379907': 1, '252017285': 1, '256201389': 0, '26110729': 2, '280120513': 0, '32319828': 0, '62426694': 0, 'cluster_1098574052_1098574061_247379905': 0}, {'247379907': 1, '252017285': 1, '256201389': 0, '26110729': 3, '280120513': 0, '32319828': 0, '62426694': 0, 'cluster_1098574052_1098574061_247379905': 0}, 
27900.0, {'247379907': 7.0, '252017285': 5.0, '256201389': 0, '26110729': 31.0, '280120513': 0, '32319828': 0, '62426694': 0, 'cluster_1098574052_1098574061_247379905': -1.0}, {'247379907': 0, '252017285': 0, '256201389': 0, '26110729': 1, '280120513': 0, '32319828': 0, '62426694': 0, 'cluster_1098574052_1098574061_247379905': 1}, {'247379907': 0, '252017285': 0, '256201389': 0, '26110729': 1, '280120513': 0, '32319828': 0, '62426694': 0, 'cluster_1098574052_1098574061_247379905': 1}, 
27910.0, {'247379907': -3.0, '252017285': 0, '256201389': 0, '26110729': 6.0, '280120513': 0, '32319828': 0, '62426694': -8.0, 'cluster_1098574052_1098574061_247379905': 1.0}, {'247379907': 1, '252017285': 0, '256201389': 0, '26110729': 0, '280120513': 0, '32319828': 0, '62426694': 1, 'cluster_1098574052_1098574061_247379905': 0}, {'247379907': 1, '252017285': 0, '256201389': 0, '26110729': 0, '280120513': 0, '32319828': 0, '62426694': 1, 'cluster_1098574052_1098574061_247379905': 0}, 
27920.0, {'247379907': -1.0, '252017285': -6.0, '256201389': 0, '26110729': 0, '280120513': 0, '32319828': 0, '62426694': -18.0, 'cluster_1098574052_1098574061_247379905': 0}, {'247379907': 1, '252017285': 1, '256201389': 0, '26110729': 0, '280120513': 0, '32319828': 0, '62426694': 3, 'cluster_1098574052_1098574061_247379905': 0}, {'247379907': 2, '252017285': 1, '256201389': 0, '26110729': 0, '280120513': 0, '32319828': 0, '62426694': 3, 'cluster_1098574052_1098574061_247379905': 0}, 
27930.0, {'247379907': 3.0, '252017285': 1.0, '256201389': 0, '26110729': 0, '280120513': 0, '32319828': 0, '62426694': 26.0, 'cluster_1098574052_1098574061_247379905': 0}, {'247379907': 1, '252017285': 1, '256201389': 0, '26110729': 0, '280120513': 0, '32319828': 0, '62426694': 0, 'cluster_1098574052_1098574061_247379905': 0}, {'247379907': 1, '252017285': 1, '256201389': 0, '26110729': 0, '280120513': 0, '32319828': 0, '62426694': 0, 'cluster_1098574052_1098574061_247379905': 0}, 
27940.0, {'247379907': 1.0, '252017285': 1.0, '256201389': 0, '26110729': 0, '280120513': 0, '32319828': 0, '62426694': 0, 'cluster_1098574052_1098574061_247379905': -17.0}, {'247379907': 0, '252017285': 1, '256201389': 0, '26110729': 0, '280120513': 0, '32319828': 0, '62426694': 0, 'cluster_1098574052_1098574061_247379905': 3}, {'247379907': 0, '252017285': 1, '256201389': 0, '26110729': 0, '280120513': 0, '32319828': 0, '62426694': 0, 'cluster_1098574052_1098574061_247379905': 3}, 
27950.0, {'247379907': -5.0, '252017285': 4.0, '256201389': 0, '26110729': -10.0, '280120513': 0, '32319828': 0, '62426694': -15.0, 'cluster_1098574052_1098574061_247379905': 17.0}, {'247379907': 1, '252017285': 0, '256201389': 0, '26110729': 1, '280120513': 0, '32319828': 0, '62426694': 2, 'cluster_1098574052_1098574061_247379905': 0}, {'247379907': 1, '252017285': 0, '256201389': 0, '26110729': 1, '280120513': 0, '32319828': 0, '62426694': 2, 'cluster_1098574052_1098574061_247379905': 0}, 
27960.0, {'247379907': 0.0, '252017285': 0, '256201389': 0, '26110729': 7.0, '280120513': 0, '32319828': 0, '62426694': 15.0, 'cluster_1098574052_1098574061_247379905': 0}, {'247379907': 1, '252017285': 0, '256201389': 0, '26110729': 1, '280120513': 0, '32319828': 0, '62426694': 0, 'cluster_1098574052_1098574061_247379905': 0}, {'247379907': 1, '252017285': 0, '256201389': 0, '26110729': 1, '280120513': 0, '32319828': 0, '62426694': 0, 'cluster_1098574052_1098574061_247379905': 0}, 
27970.0, {'247379907': 5.0, '252017285': -3.0, '256201389': 0, '26110729': -1.0, '280120513': 0, '32319828': 0, '62426694': 0, 'cluster_1098574052_1098574061_247379905': -10.0}, {'247379907': 0, '252017285': 1, '256201389': 0, '26110729': 1, '280120513': 0, '32319828': 0, '62426694': 0, 'cluster_1098574052_1098574061_247379905': 2}, {'247379907': 0, '252017285': 1, '256201389': 0, '26110729': 1, '280120513': 0, '32319828': 0, '62426694': 0, 'cluster_1098574052_1098574061_247379905': 3}, 
27980.0, {'247379907': 0, '252017285': -6.0, '256201389': 0, '26110729': 4.0, '280120513': 0, '32319828': 0, '62426694': -3.0, 'cluster_1098574052_1098574061_247379905': -30.0}, {'247379907': 0, '252017285': 2, '256201389': 0, '26110729': 0, '280120513': 0, '32319828': 0, '62426694': 1, 'cluster_1098574052_1098574061_247379905': 2}, {'247379907': 0, '252017285': 2, '256201389': 0, '26110729': 0, '280120513': 0, '32319828': 0, '62426694': 1, 'cluster_1098574052_1098574061_247379905': 3}, 
27990.0, {'247379907': -7.0, '252017285': 9.0, '256201389': 0, '26110729': -15.0, '280120513': 0, '32319828': 0, '62426694': 2.0, 'cluster_1098574052_1098574061_247379905': 40.0}, {'247379907': 1, '252017285': 0, '256201389': 0, '26110729': 2, '280120513': 0, '32319828': 0, '62426694': 1, 'cluster_1098574052_1098574061_247379905': 0}, {'247379907': 1, '252017285': 0, '256201389': 0, '26110729': 3, '280120513': 0, '32319828': 0, '62426694': 1, 'cluster_1098574052_1098574061_247379905': 0}, 
28000.0, {'247379907': 7.0, '252017285': -7.0, '256201389': 0, '26110729': 15.0, '280120513': 0, '32319828': 0, '62426694': -4.0, 'cluster_1098574052_1098574061_247379905': 0}, {'247379907': 0, '252017285': 1, '256201389': 0, '26110729': 0, '280120513': 0, '32319828': 0, '62426694': 1, 'cluster_1098574052_1098574061_247379905': 0}, {'247379907': 0, '252017285': 1, '256201389': 0, '26110729': 0, '280120513': 0, '32319828': 0, '62426694': 1, 'cluster_1098574052_1098574061_247379905': 0}, 
28010.0, {'247379907': 0, '252017285': 7.0, '256201389': 0, '26110729': -5.0, '280120513': 0, '32319828': 0, '62426694': 5.0, 'cluster_1098574052_1098574061_247379905': 0}, {'247379907': 0, '252017285': 0, '256201389': 0, '26110729': 1, '280120513': 0, '32319828': 0, '62426694': 0, 'cluster_1098574052_1098574061_247379905': 0}, {'247379907': 0, '252017285': 0, '256201389': 0, '26110729': 2, '280120513': 0, '32319828': 0, '62426694': 0, 'cluster_1098574052_1098574061_247379905': 0}, 
28020.0, {'247379907': -9.0, '252017285': 0, '256201389': 0, '26110729': 0.0, '280120513': 0, '32319828': 0, '62426694': -1.0, 'cluster_1098574052_1098574061_247379905': 0}, {'247379907': 1, '252017285': 0, '256201389': 0, '26110729': 1, '280120513': 0, '32319828': 0, '62426694': 1, 'cluster_1098574052_1098574061_247379905': 0}, {'247379907': 1, '252017285': 0, '256201389': 0, '26110729': 1, '280120513': 0, '32319828': 0, '62426694': 1, 'cluster_1098574052_1098574061_247379905': 0}, 
28030.0, {'247379907': -1.0, '252017285': 0, '256201389': 0, '26110729': 5.0, '280120513': -7.0, '32319828': 0, '62426694': -1.0, 'cluster_1098574052_1098574061_247379905': -7.0}, {'247379907': 1, '252017285': 0, '256201389': 0, '26110729': 0, '280120513': 1, '32319828': 0, '62426694': 1, 'cluster_1098574052_1098574061_247379905': 1}, {'247379907': 2, '252017285': 0, '256201389': 0, '26110729': 0, '280120513': 1, '32319828': 0, '62426694': 1, 'cluster_1098574052_1098574061_247379905': 1}, 
28040.0, {'247379907': 10.0, '252017285': -1.0, '256201389': 0, '26110729': -7.0, '280120513': 6.0, '32319828': 0, '62426694': -23.0, 'cluster_1098574052_1098574061_247379905': 7.0}, {'247379907': 0, '252017285': 1, '256201389': 0, '26110729': 2, '280120513': 1, '32319828': 0, '62426694': 3, 'cluster_1098574052_1098574061_247379905': 0}, {'247379907': 0, '252017285': 1, '256201389': 0, '26110729': 2, '280120513': 1, '32319828': 0, '62426694': 3, 'cluster_1098574052_1098574061_247379905': 0}, 
28050.0, {'247379907': -3.0, '252017285': 1.0, '256201389': 0, '26110729': 7.0, '280120513': 1.0, '32319828': 0, '62426694': 24.0, 'cluster_1098574052_1098574061_247379905': 0}, {'247379907': 1, '252017285': 0, '256201389': 0, '26110729': 0, '280120513': 0, '32319828': 0, '62426694': 1, 'cluster_1098574052_1098574061_247379905': 0}, {'247379907': 1, '252017285': 0, '256201389': 0, '26110729': 0, '280120513': 0, '32319828': 0, '62426694': 1, 'cluster_1098574052_1098574061_247379905': 0}, 
28060.0, {'247379907': 3.0, '252017285': 0, '256201389': 0, '26110729': -5.0, '280120513': 0, '32319828': 0, '62426694': 1.0, 'cluster_1098574052_1098574061_247379905': 0}, {'247379907': 0, '252017285': 0, '256201389': 0, '26110729': 1, '280120513': 0, '32319828': 0, '62426694': 0, 'cluster_1098574052_1098574061_247379905': 0}, {'247379907': 0, '252017285': 0, '256201389': 0, '26110729': 1, '280120513': 0, '32319828': 0, '62426694': 0, 'cluster_1098574052_1098574061_247379905': 0}, 
28070.0, {'247379907': 0, '252017285': -6.0, '256201389': 0, '26110729': 5.0, '280120513': 0, '32319828': 0, '62426694': -5.0, 'cluster_1098574052_1098574061_247379905': 0}, {'247379907': 0, '252017285': 1, '256201389': 0, '26110729': 0, '280120513': 0, '32319828': 0, '62426694': 1, 'cluster_1098574052_1098574061_247379905': 0}, {'247379907': 0, '252017285': 1, '256201389': 0, '26110729': 0, '280120513': 0, '32319828': 0, '62426694': 1, 'cluster_1098574052_1098574061_247379905': 0}, 
28080.0, {'247379907': -8.0, '252017285': 6.0, '256201389': 0, '26110729': 0, '280120513': -7.0, '32319828': 0, '62426694': -14.0, 'cluster_1098574052_1098574061_247379905': 0}, {'247379907': 2, '252017285': 0, '256201389': 0, '26110729': 0, '280120513': 1, '32319828': 0, '62426694': 2, 'cluster_1098574052_1098574061_247379905': 0}, {'247379907': 2, '252017285': 0, '256201389': 0, '26110729': 0, '280120513': 1, '32319828': 0, '62426694': 2, 'cluster_1098574052_1098574061_247379905': 0}, 
28090.0, {'247379907': 8.0, '252017285': 0, '256201389': 0, '26110729': 0, '280120513': 7.0, '32319828': 0, '62426694': 19.0, 'cluster_1098574052_1098574061_247379905': 0}, {'247379907': 0, '252017285': 0, '256201389': 0, '26110729': 0, '280120513': 0, '32319828': 0, '62426694': 0, 'cluster_1098574052_1098574061_247379905': 0}, {'247379907': 0, '252017285': 0, '256201389': 0, '26110729': 0, '280120513': 0, '32319828': 0, '62426694': 0, 'cluster_1098574052_1098574061_247379905': 0}, 
28100.0, {'247379907': -1.0, '252017285': 0, '256201389': 0, '26110729': 0, '280120513': 0, '32319828': 0, '62426694': 0, 'cluster_1098574052_1098574061_247379905': 0}, {'247379907': 1, '252017285': 0, '256201389': 0, '26110729': 0, '280120513': 0, '32319828': 0, '62426694': 0, 'cluster_1098574052_1098574061_247379905': 0}, {'247379907': 1, '252017285': 0, '256201389': 0, '26110729': 0, '280120513': 0, '32319828': 0, '62426694': 0, 'cluster_1098574052_1098574061_247379905': 0}, 
28110.0, {'247379907': 1.0, '252017285': -2.0, '256201389': 0, '26110729': 0, '280120513': 0, '32319828': 0, '62426694': 0, 'cluster_1098574052_1098574061_247379905': -1.0}, {'247379907': 0, '252017285': 1, '256201389': 0, '26110729': 0, '280120513': 0, '32319828': 0, '62426694': 0, 'cluster_1098574052_1098574061_247379905': 1}, {'247379907': 0, '252017285': 1, '256201389': 0, '26110729': 0, '280120513': 0, '32319828': 0, '62426694': 0, 'cluster_1098574052_1098574061_247379905': 1}, 
28120.0, {'247379907': 0, '252017285': 2.0, '256201389': 0, '26110729': -7.0, '280120513': 0, '32319828': 0, '62426694': 0, 'cluster_1098574052_1098574061_247379905': 1.0}, {'247379907': 0, '252017285': 0, '256201389': 0, '26110729': 1, '280120513': 0, '32319828': 0, '62426694': 0, 'cluster_1098574052_1098574061_247379905': 0}, {'247379907': 0, '252017285': 0, '256201389': 0, '26110729': 1, '280120513': 0, '32319828': 0, '62426694': 0, 'cluster_1098574052_1098574061_247379905': 0}, 
28130.0, {'247379907': 0, '252017285': -2.0, '256201389': 0, '26110729': 2.0, '280120513': 0, '32319828': 0, '62426694': 0, 'cluster_1098574052_1098574061_247379905': -8.0}, {'247379907': 0, '252017285': 1, '256201389': 0, '26110729': 1, '280120513': 0, '32319828': 0, '62426694': 0, 'cluster_1098574052_1098574061_247379905': 1}, {'247379907': 0, '252017285': 1, '256201389': 0, '26110729': 1, '280120513': 0, '32319828': 0, '62426694': 0, 'cluster_1098574052_1098574061_247379905': 1}, 
28140.0, {'247379907': -1.0, '252017285': 2.0, '256201389': 0, '26110729': 5.0, '280120513': 0, '32319828': 0, '62426694': 0, 'cluster_1098574052_1098574061_247379905': 8.0}, {'247379907': 1, '252017285': 0, '256201389': 0, '26110729': 0, '280120513': 0, '32319828': 0, '62426694': 0, 'cluster_1098574052_1098574061_247379905': 0}, {'247379907': 1, '252017285': 0, '256201389': 0, '26110729': 0, '280120513': 0, '32319828': 0, '62426694': 0, 'cluster_1098574052_1098574061_247379905': 0}, 
28150.0, {'247379907': 1.0, '252017285': -9.0, '256201389': 0, '26110729': 0, '280120513': 0, '32319828': 0, '62426694': 0, 'cluster_1098574052_1098574061_247379905': 0}, {'247379907': 0, '252017285': 1, '256201389': 0, '26110729': 0, '280120513': 0, '32319828': 0, '62426694': 0, 'cluster_1098574052_1098574061_247379905': 0}, {'247379907': 0, '252017285': 1, '256201389': 0, '26110729': 0, '280120513': 0, '32319828': 0, '62426694': 0, 'cluster_1098574052_1098574061_247379905': 0}, 
28160.0, {'247379907': 0, '252017285': 9.0, '256201389': 0, '26110729': -6.0, '280120513': -10.0, '32319828': 0, '62426694': 0, 'cluster_1098574052_1098574061_247379905': 0}, {'247379907': 0, '252017285': 0, '256201389': 0, '26110729': 2, '280120513': 1, '32319828': 0, '62426694': 0, 'cluster_1098574052_1098574061_247379905': 0}, {'247379907': 0, '252017285': 0, '256201389': 0, '26110729': 2, '280120513': 1, '32319828': 0, '62426694': 0, 'cluster_1098574052_1098574061_247379905': 0}, 
28170.0, {'247379907': -9.0, '252017285': 0, '256201389': 0, '26110729': -6.0, '280120513': 10.0, '32319828': 0, '62426694': 0, 'cluster_1098574052_1098574061_247379905': 0}, {'247379907': 1, '252017285': 0, '256201389': 0, '26110729': 2, '280120513': 0, '32319828': 0, '62426694': 0, 'cluster_1098574052_1098574061_247379905': 0}, {'247379907': 2, '252017285': 0, '256201389': 0, '26110729': 3, '280120513': 0, '32319828': 0, '62426694': 0, 'cluster_1098574052_1098574061_247379905': 0}, 
28180.0, {'247379907': 9.0, '252017285': -3.0, '256201389': 0, '26110729': 6.0, '280120513': -6.0, '32319828': 0, '62426694': -10.0, 'cluster_1098574052_1098574061_247379905': 0}, {'247379907': 0, '252017285': 1, '256201389': 0, '26110729': 1, '280120513': 1, '32319828': 0, '62426694': 1, 'cluster_1098574052_1098574061_247379905': 0}, {'247379907': 0, '252017285': 1, '256201389': 0, '26110729': 1, '280120513': 1, '32319828': 0, '62426694': 1, 'cluster_1098574052_1098574061_247379905': 0}, 
28190.0, {'247379907': 0, '252017285': 3.0, '256201389': 0, '26110729': 6.0, '280120513': 6.0, '32319828': 0, '62426694': 10.0, 'cluster_1098574052_1098574061_247379905': -1.0}, {'247379907': 0, '252017285': 0, '256201389': 0, '26110729': 0, '280120513': 0, '32319828': 0, '62426694': 0, 'cluster_1098574052_1098574061_247379905': 1}, {'247379907': 0, '252017285': 0, '256201389': 0, '26110729': 0, '280120513': 0, '32319828': 0, '62426694': 0, 'cluster_1098574052_1098574061_247379905': 1}, 
28200.0, {'247379907': 0, '252017285': 0, '256201389': 0, '26110729': -2.0, '280120513': 0, '32319828': 0, '62426694': 0, 'cluster_1098574052_1098574061_247379905': 1.0}, {'247379907': 0, '252017285': 0, '256201389': 0, '26110729': 1, '280120513': 0, '32319828': 0, '62426694': 0, 'cluster_1098574052_1098574061_247379905': 0}, {'247379907': 0, '252017285': 0, '256201389': 0, '26110729': 1, '280120513': 0, '32319828': 0, '62426694': 0, 'cluster_1098574052_1098574061_247379905': 0}, 
28210.0, {'247379907': -5.0, '252017285': 0, '256201389': 0, '26110729': -6.0, '280120513': 0, '32319828': 0, '62426694': 0, 'cluster_1098574052_1098574061_247379905': 0}, {'247379907': 1, '252017285': 0, '256201389': 0, '26110729': 2, '280120513': 0, '32319828': 0, '62426694': 0, 'cluster_1098574052_1098574061_247379905': 0}, {'247379907': 1, '252017285': 0, '256201389': 0, '26110729': 3, '280120513': 0, '32319828': 0, '62426694': 0, 'cluster_1098574052_1098574061_247379905': 0}, 
28220.0, {'247379907': 3.0, '252017285': 0, '256201389': 0, '26110729': -9.0, '280120513': -5.0, '32319828': 0, '62426694': 0, 'cluster_1098574052_1098574061_247379905': 0}, {'247379907': 1, '252017285': 0, '256201389': 0, '26110729': 1, '280120513': 2, '32319828': 0, '62426694': 0, 'cluster_1098574052_1098574061_247379905': 0}, {'247379907': 1, '252017285': 0, '256201389': 0, '26110729': 2, '280120513': 2, '32319828': 0, '62426694': 0, 'cluster_1098574052_1098574061_247379905': 0}, 
28230.0, {'247379907': -20.0, '252017285': -6.0, '256201389': 0, '26110729': -6.0, '280120513': 5.0, '32319828': 0, '62426694': 0, 'cluster_1098574052_1098574061_247379905': 0}, {'247379907': 2, '252017285': 1, '256201389': 0, '26110729': 2, '280120513': 0, '32319828': 0, '62426694': 0, 'cluster_1098574052_1098574061_247379905': 0}, {'247379907': 2, '252017285': 1, '256201389': 0, '26110729': 2, '280120513': 0, '32319828': 0, '62426694': 0, 'cluster_1098574052_1098574061_247379905': 0}, 
28240.0, {'247379907': 20.0, '252017285': 6.0, '256201389': 0, '26110729': 20.0, '280120513': -6.0, '32319828': -9.0, '62426694': 0, 'cluster_1098574052_1098574061_247379905': -9.0}, {'247379907': 1, '252017285': 0, '256201389': 0, '26110729': 1, '280120513': 1, '32319828': 2, '62426694': 0, 'cluster_1098574052_1098574061_247379905': 1}, {'247379907': 1, '252017285': 0, '256201389': 0, '26110729': 2, '280120513': 1, '32319828': 2, '62426694': 0, 'cluster_1098574052_1098574061_247379905': 1}, 
28250.0, {'247379907': 2.0, '252017285': 0, '256201389': 0, '26110729': -2.0, '280120513': 6.0, '32319828': 9.0, '62426694': 0, 'cluster_1098574052_1098574061_247379905': 9.0}, {'247379907': 0, '252017285': 0, '256201389': 0, '26110729': 1, '280120513': 0, '32319828': 0, '62426694': 0, 'cluster_1098574052_1098574061_247379905': 0}, {'247379907': 0, '252017285': 0, '256201389': 0, '26110729': 2, '280120513': 0, '32319828': 0, '62426694': 0, 'cluster_1098574052_1098574061_247379905': 0}, 
28260.0, {'247379907': 0, '252017285': 0, '256201389': 0, '26110729': -33.0, '280120513': 0, '32319828': 0, '62426694': 0, 'cluster_1098574052_1098574061_247379905': 0}, {'247379907': 0, '252017285': 0, '256201389': 0, '26110729': 2, '280120513': 0, '32319828': 0, '62426694': 0, 'cluster_1098574052_1098574061_247379905': 0}, {'247379907': 0, '252017285': 0, '256201389': 0, '26110729': 5, '280120513': 0, '32319828': 0, '62426694': 0, 'cluster_1098574052_1098574061_247379905': 0}, 
28270.0, {'247379907': -12.0, '252017285': 0, '256201389': 0, '26110729': 7.0, '280120513': 0, '32319828': 0, '62426694': 0, 'cluster_1098574052_1098574061_247379905': -4.0}, {'247379907': 2, '252017285': 0, '256201389': 0, '26110729': 1, '280120513': 0, '32319828': 0, '62426694': 0, 'cluster_1098574052_1098574061_247379905': 1}, {'247379907': 3, '252017285': 0, '256201389': 0, '26110729': 2, '280120513': 0, '32319828': 0, '62426694': 0, 'cluster_1098574052_1098574061_247379905': 1}, 
28280.0, {'247379907': 12.0, '252017285': 0, '256201389': 0, '26110729': 31.0, '280120513': 0, '32319828': 0, '62426694': 0, 'cluster_1098574052_1098574061_247379905': 4.0}, {'247379907': 0, '252017285': 0, '256201389': 0, '26110729': 0, '280120513': 0, '32319828': 0, '62426694': 0, 'cluster_1098574052_1098574061_247379905': 0}, {'247379907': 0, '252017285': 0, '256201389': 0, '26110729': 0, '280120513': 0, '32319828': 0, '62426694': 0, 'cluster_1098574052_1098574061_247379905': 0}, 
28290.0, {'247379907': 0, '252017285': 0, '256201389': 0, '26110729': -1.0, '280120513': -8.0, '32319828': 0, '62426694': 0, 'cluster_1098574052_1098574061_247379905': 0}, {'247379907': 0, '252017285': 0, '256201389': 0, '26110729': 1, '280120513': 1, '32319828': 0, '62426694': 0, 'cluster_1098574052_1098574061_247379905': 0}, {'247379907': 0, '252017285': 0, '256201389': 0, '26110729': 1, '280120513': 1, '32319828': 0, '62426694': 0, 'cluster_1098574052_1098574061_247379905': 0}, 
28300.0, {'247379907': 0, '252017285': -3.0, '256201389': 0, '26110729': -13.0, '280120513': 8.0, '32319828': 0, '62426694': 0, 'cluster_1098574052_1098574061_247379905': -7.0}, {'247379907': 0, '252017285': 1, '256201389': 0, '26110729': 2, '280120513': 0, '32319828': 0, '62426694': 0, 'cluster_1098574052_1098574061_247379905': 2}, {'247379907': 0, '252017285': 1, '256201389': 0, '26110729': 4, '280120513': 0, '32319828': 0, '62426694': 0, 'cluster_1098574052_1098574061_247379905': 2}, 
28310.0, {'247379907': 0, '252017285': 3.0, '256201389': 0, '26110729': 13.0, '280120513': 0, '32319828': 0, '62426694': 0, 'cluster_1098574052_1098574061_247379905': 7.0}, {'247379907': 0, '252017285': 0, '256201389': 0, '26110729': 1, '280120513': 0, '32319828': 0, '62426694': 0, 'cluster_1098574052_1098574061_247379905': 0}, {'247379907': 0, '252017285': 0, '256201389': 0, '26110729': 1, '280120513': 0, '32319828': 0, '62426694': 0, 'cluster_1098574052_1098574061_247379905': 0}, 
28320.0, {'247379907': -5.0, '252017285': -5.0, '256201389': 0, '26110729': -14.0, '280120513': -4.0, '32319828': 0, '62426694': 0, 'cluster_1098574052_1098574061_247379905': 0}, {'247379907': 1, '252017285': 1, '256201389': 0, '26110729': 1, '280120513': 1, '32319828': 0, '62426694': 0, 'cluster_1098574052_1098574061_247379905': 0}, {'247379907': 2, '252017285': 1, '256201389': 0, '26110729': 2, '280120513': 1, '32319828': 0, '62426694': 0, 'cluster_1098574052_1098574061_247379905': 0}, 
28330.0, {'247379907': -7.0, '252017285': -2.0, '256201389': 0, '26110729': 1.0, '280120513': 4.0, '32319828': 0, '62426694': 0, 'cluster_1098574052_1098574061_247379905': 0}, {'247379907': 1, '252017285': 2, '256201389': 0, '26110729': 3, '280120513': 0, '32319828': 0, '62426694': 0, 'cluster_1098574052_1098574061_247379905': 0}, {'247379907': 1, '252017285': 2, '256201389': 0, '26110729': 3, '280120513': 0, '32319828': 0, '62426694': 0, 'cluster_1098574052_1098574061_247379905': 0}, 
28340.0, {'247379907': 12.0, '252017285': 7.0, '256201389': 0, '26110729': 9.0, '280120513': -4.0, '32319828': 0, '62426694': 0, 'cluster_1098574052_1098574061_247379905': 0}, {'247379907': 0, '252017285': 0, '256201389': 0, '26110729': 1, '280120513': 1, '32319828': 0, '62426694': 0, 'cluster_1098574052_1098574061_247379905': 0}, {'247379907': 0, '252017285': 0, '256201389': 0, '26110729': 1, '280120513': 1, '32319828': 0, '62426694': 0, 'cluster_1098574052_1098574061_247379905': 0}, 
28350.0, {'247379907': 0, '252017285': -3.0, '256201389': 0, '26110729': -15.0, '280120513': 4.0, '32319828': 0, '62426694': 0, 'cluster_1098574052_1098574061_247379905': -6.0}, {'247379907': 0, '252017285': 1, '256201389': 0, '26110729': 3, '280120513': 0, '32319828': 0, '62426694': 0, 'cluster_1098574052_1098574061_247379905': 1}, {'247379907': 0, '252017285': 1, '256201389': 0, '26110729': 5, '280120513': 0, '32319828': 0, '62426694': 0, 'cluster_1098574052_1098574061_247379905': 1}, 
28360.0, {'247379907': 0, '252017285': 3.0, '256201389': 0, '26110729': 20.0, '280120513': 0, '32319828': 0, '62426694': 0, 'cluster_1098574052_1098574061_247379905': 6.0}, {'247379907': 0, '252017285': 0, '256201389': 0, '26110729': 0, '280120513': 0, '32319828': 0, '62426694': 0, 'cluster_1098574052_1098574061_247379905': 0}, {'247379907': 0, '252017285': 0, '256201389': 0, '26110729': 0, '280120513': 0, '32319828': 0, '62426694': 0, 'cluster_1098574052_1098574061_247379905': 0}, 
28370.0, {'247379907': 0, '252017285': 0, '256201389': 0, '26110729': -23.0, '280120513': -5.0, '32319828': 0, '62426694': 0, 'cluster_1098574052_1098574061_247379905': -4.0}, {'247379907': 0, '252017285': 0, '256201389': 0, '26110729': 3, '280120513': 2, '32319828': 0, '62426694': 0, 'cluster_1098574052_1098574061_247379905': 1}, {'247379907': 0, '252017285': 0, '256201389': 0, '26110729': 5, '280120513': 2, '32319828': 0, '62426694': 0, 'cluster_1098574052_1098574061_247379905': 1}, 
28380.0, {'247379907': 0, '252017285': -10.0, '256201389': 0, '26110729': 22.0, '280120513': 4.0, '32319828': 0, '62426694': 0, 'cluster_1098574052_1098574061_247379905': 4.0}, {'247379907': 0, '252017285': 1, '256201389': 0, '26110729': 1, '280120513': 1, '32319828': 0, '62426694': 0, 'cluster_1098574052_1098574061_247379905': 0}, {'247379907': 0, '252017285': 1, '256201389': 0, '26110729': 1, '280120513': 1, '32319828': 0, '62426694': 0, 'cluster_1098574052_1098574061_247379905': 0}, 
28390.0, {'247379907': 0, '252017285': 6.0, '256201389': 0, '26110729': -21.0, '280120513': 0.0, '32319828': 0, '62426694': 0, 'cluster_1098574052_1098574061_247379905': -3.0}, {'247379907': 0, '252017285': 1, '256201389': 0, '26110729': 3, '280120513': 1, '32319828': 0, '62426694': 0, 'cluster_1098574052_1098574061_247379905': 1}, {'247379907': 0, '252017285': 1, '256201389': 0, '26110729': 4, '280120513': 1, '32319828': 0, '62426694': 0, 'cluster_1098574052_1098574061_247379905': 1}, 
28400.0, {'247379907': 0, '252017285': 4.0, '256201389': 0, '26110729': 22.0, '280120513': 1.0, '32319828': 0, '62426694': 0, 'cluster_1098574052_1098574061_247379905': 3.0}, {'247379907': 0, '252017285': 0, '256201389': 0, '26110729': 0, '280120513': 0, '32319828': 0, '62426694': 0, 'cluster_1098574052_1098574061_247379905': 0}, {'247379907': 0, '252017285': 0, '256201389': 0, '26110729': 0, '280120513': 0, '32319828': 0, '62426694': 0, 'cluster_1098574052_1098574061_247379905': 0}, 
28410.0, {'247379907': 0, '252017285': -2.0, '256201389': 0, '26110729': -23.0, '280120513': -6.0, '32319828': 0, '62426694': -8.0, 'cluster_1098574052_1098574061_247379905': -9.0}, {'247379907': 0, '252017285': 1, '256201389': 0, '26110729': 3, '280120513': 1, '32319828': 0, '62426694': 1, 'cluster_1098574052_1098574061_247379905': 1}, {'247379907': 0, '252017285': 1, '256201389': 0, '26110729': 5, '280120513': 1, '32319828': 0, '62426694': 1, 'cluster_1098574052_1098574061_247379905': 1}, 
28420.0, {'247379907': 0, '252017285': 2.0, '256201389': 0, '26110729': -40.0, '280120513': -10.0, '32319828': 0, '62426694': 8.0, 'cluster_1098574052_1098574061_247379905': 9.0}, {'247379907': 0, '252017285': 0, '256201389': 0, '26110729': 5, '280120513': 1, '32319828': 0, '62426694': 0, 'cluster_1098574052_1098574061_247379905': 0}, {'247379907': 0, '252017285': 0, '256201389': 0, '26110729': 7, '280120513': 1, '32319828': 0, '62426694': 0, 'cluster_1098574052_1098574061_247379905': 0}, 
28430.0, {'247379907': 0, '252017285': -8.0, '256201389': 0, '26110729': 27.0, '280120513': 16.0, '32319828': 0, '62426694': 0, 'cluster_1098574052_1098574061_247379905': 0}, {'247379907': 0, '252017285': 1, '256201389': 0, '26110729': 3, '280120513': 0, '32319828': 0, '62426694': 0, 'cluster_1098574052_1098574061_247379905': 0}, {'247379907': 0, '252017285': 1, '256201389': 0, '26110729': 3, '280120513': 0, '32319828': 0, '62426694': 0, 'cluster_1098574052_1098574061_247379905': 0}, 
28440.0, {'247379907': 0, '252017285': 8.0, '256201389': 0, '26110729': -35.0, '280120513': 0, '32319828': 0, '62426694': 0, 'cluster_1098574052_1098574061_247379905': 0}, {'247379907': 0, '252017285': 0, '256201389': 0, '26110729': 3, '280120513': 0, '32319828': 0, '62426694': 0, 'cluster_1098574052_1098574061_247379905': 0}, {'247379907': 0, '252017285': 0, '256201389': 0, '26110729': 4, '280120513': 0, '32319828': 0, '62426694': 0, 'cluster_1098574052_1098574061_247379905': 0}, 
28450.0, {'247379907': 0, '252017285': 0, '256201389': 0, '26110729': 53.0, '280120513': 0, '32319828': 0, '62426694': 0, 'cluster_1098574052_1098574061_247379905': 0}, {'247379907': 0, '252017285': 0, '256201389': 0, '26110729': 2, '280120513': 0, '32319828': 0, '62426694': 0, 'cluster_1098574052_1098574061_247379905': 0}, {'247379907': 0, '252017285': 0, '256201389': 0, '26110729': 2, '280120513': 0, '32319828': 0, '62426694': 0, 'cluster_1098574052_1098574061_247379905': 0}, 
28460.0, {'247379907': 0, '252017285': -3.0, '256201389': 0, '26110729': -22.0, '280120513': -6.0, '32319828': 0, '62426694': 0, 'cluster_1098574052_1098574061_247379905': 0}, {'247379907': 0, '252017285': 1, '256201389': 0, '26110729': 4, '280120513': 1, '32319828': 0, '62426694': 0, 'cluster_1098574052_1098574061_247379905': 0}, {'247379907': 0, '252017285': 1, '256201389': 0, '26110729': 7, '280120513': 1, '32319828': 0, '62426694': 0, 'cluster_1098574052_1098574061_247379905': 0}, 
28470.0, {'247379907': 0, '252017285': 3.0, '256201389': 0, '26110729': -79.0, '280120513': 6.0, '32319828': 0, '62426694': 0, 'cluster_1098574052_1098574061_247379905': 0}, {'247379907': 0, '252017285': 0, '256201389': 0, '26110729': 11, '280120513': 0, '32319828': 0, '62426694': 0, 'cluster_1098574052_1098574061_247379905': 0}, {'247379907': 0, '252017285': 0, '256201389': 0, '26110729': 13, '280120513': 0, '32319828': 0, '62426694': 0, 'cluster_1098574052_1098574061_247379905': 0}, 
28480.0, {'247379907': 0, '252017285': -9.0, '256201389': 0, '26110729': -48.0, '280120513': 0, '32319828': 0, '62426694': 0, 'cluster_1098574052_1098574061_247379905': 0}, {'247379907': 0, '252017285': 2, '256201389': 0, '26110729': 15, '280120513': 0, '32319828': 0, '62426694': 0, 'cluster_1098574052_1098574061_247379905': 0}, {'247379907': 0, '252017285': 2, '256201389': 0, '26110729': 15, '280120513': 0, '32319828': 0, '62426694': 0, 'cluster_1098574052_1098574061_247379905': 0}, 
28490.0, {'247379907': 0, '252017285': 9.0, '256201389': 0, '26110729': -75.0, '280120513': 0, '32319828': 0, '62426694': 0, 'cluster_1098574052_1098574061_247379905': 0}, {'247379907': 0, '252017285': 0, '256201389': 0, '26110729': 17, '280120513': 0, '32319828': 0, '62426694': 0, 'cluster_1098574052_1098574061_247379905': 0}, {'247379907': 0, '252017285': 0, '256201389': 0, '26110729': 19, '280120513': 0, '32319828': 0, '62426694': 0, 'cluster_1098574052_1098574061_247379905': 0}, 
28500.0, {'247379907': 0, '252017285': 0, '256201389': 0, '26110729': -74.0, '280120513': 0, '32319828': 0, '62426694': 0, 'cluster_1098574052_1098574061_247379905': -1.0}, {'247379907': 0, '252017285': 0, '256201389': 0, '26110729': 14, '280120513': 0, '32319828': 0, '62426694': 0, 'cluster_1098574052_1098574061_247379905': 1}, {'247379907': 0, '252017285': 0, '256201389': 0, '26110729': 18, '280120513': 0, '32319828': 0, '62426694': 0, 'cluster_1098574052_1098574061_247379905': 1}, 
28510.0, {'247379907': 0, '252017285': 0, '256201389': 0, '26110729': 3.0, '280120513': 0, '32319828': 0, '62426694': 0, 'cluster_1098574052_1098574061_247379905': 1.0}, {'247379907': 0, '252017285': 0, '256201389': 0, '26110729': 9, '280120513': 0, '32319828': 0, '62426694': 0, 'cluster_1098574052_1098574061_247379905': 0}, {'247379907': 0, '252017285': 0, '256201389': 0, '26110729': 13, '280120513': 0, '32319828': 0, '62426694': 0, 'cluster_1098574052_1098574061_247379905': 0}, 
28520.0, {'247379907': 0, '252017285': 0, '256201389': 0, '26110729': 67.0, '280120513': 0, '32319828': 0, '62426694': 0, 'cluster_1098574052_1098574061_247379905': -11.0}, {'247379907': 0, '252017285': 0, '256201389': 0, '26110729': 4, '280120513': 0, '32319828': 0, '62426694': 0, 'cluster_1098574052_1098574061_247379905': 2}, {'247379907': 0, '252017285': 0, '256201389': 0, '26110729': 8, '280120513': 0, '32319828': 0, '62426694': 0, 'cluster_1098574052_1098574061_247379905': 3}, 
28530.0, {'247379907': 0, '252017285': -2.0, '256201389': 0, '26110729': 82.0, '280120513': 0, '32319828': 0, '62426694': 0, 'cluster_1098574052_1098574061_247379905': 11.0}, {'247379907': 0, '252017285': 1, '256201389': 0, '26110729': 5, '280120513': 0, '32319828': 0, '62426694': 0, 'cluster_1098574052_1098574061_247379905': 0}, {'247379907': 0, '252017285': 1, '256201389': 0, '26110729': 5, '280120513': 0, '32319828': 0, '62426694': 0, 'cluster_1098574052_1098574061_247379905': 0}, 
28540.0, {'247379907': 0, '252017285': -5.0, '256201389': 0, '26110729': 108.0, '280120513': 0, '32319828': 0, '62426694': 0, 'cluster_1098574052_1098574061_247379905': -5.0}, {'247379907': 0, '252017285': 1, '256201389': 0, '26110729': 2, '280120513': 0, '32319828': 0, '62426694': 0, 'cluster_1098574052_1098574061_247379905': 1}, {'247379907': 0, '252017285': 1, '256201389': 0, '26110729': 3, '280120513': 0, '32319828': 0, '62426694': 0, 'cluster_1098574052_1098574061_247379905': 1}, 
28550.0, {'247379907': -6.0, '252017285': 7.0, '256201389': 0, '26110729': -23.0, '280120513': -2.0, '32319828': 0, '62426694': 0, 'cluster_1098574052_1098574061_247379905': -11.0}, {'247379907': 1, '252017285': 0, '256201389': 0, '26110729': 4, '280120513': 1, '32319828': 0, '62426694': 0, 'cluster_1098574052_1098574061_247379905': 2}, {'247379907': 1, '252017285': 0, '256201389': 0, '26110729': 4, '280120513': 1, '32319828': 0, '62426694': 0, 'cluster_1098574052_1098574061_247379905': 2}, 
28560.0, {'247379907': -19.0, '252017285': 0, '256201389': 0, '26110729': 54.0, '280120513': 2.0, '32319828': 0, '62426694': 0, 'cluster_1098574052_1098574061_247379905': 3.0}, {'247379907': 2, '252017285': 0, '256201389': 0, '26110729': 1, '280120513': 0, '32319828': 0, '62426694': 0, 'cluster_1098574052_1098574061_247379905': 2}, {'247379907': 3, '252017285': 0, '256201389': 0, '26110729': 3, '280120513': 0, '32319828': 0, '62426694': 0, 'cluster_1098574052_1098574061_247379905': 2}, 
28570.0, {'247379907': 25.0, '252017285': 0, '256201389': 0, '26110729': -17.0, '280120513': 0, '32319828': 0, '62426694': -2.0, 'cluster_1098574052_1098574061_247379905': 0.0}, {'247379907': 0, '252017285': 0, '256201389': 0, '26110729': 2, '280120513': 0, '32319828': 0, '62426694': 1, 'cluster_1098574052_1098574061_247379905': 2}, {'247379907': 0, '252017285': 0, '256201389': 0, '26110729': 3, '280120513': 0, '32319828': 0, '62426694': 1, 'cluster_1098574052_1098574061_247379905': 2}, 
28580.0, {'247379907': -6.0, '252017285': 0, '256201389': 0, '26110729': 42.0, '280120513': 0, '32319828': 0, '62426694': 2.0, 'cluster_1098574052_1098574061_247379905': 13.0}, {'247379907': 1, '252017285': 0, '256201389': 0, '26110729': 0, '280120513': 0, '32319828': 0, '62426694': 0, 'cluster_1098574052_1098574061_247379905': 0}, {'247379907': 2, '252017285': 0, '256201389': 0, '26110729': 0, '280120513': 0, '32319828': 0, '62426694': 0, 'cluster_1098574052_1098574061_247379905': 0}, 
28590.0, {'247379907': 1.0, '252017285': 0, '256201389': 0, '26110729': 0, '280120513': 0, '32319828': 0, '62426694': -3.0, 'cluster_1098574052_1098574061_247379905': -5.0}, {'247379907': 1, '252017285': 0, '256201389': 0, '26110729': 0, '280120513': 0, '32319828': 0, '62426694': 1, 'cluster_1098574052_1098574061_247379905': 1}, {'247379907': 1, '252017285': 0, '256201389': 0, '26110729': 0, '280120513': 0, '32319828': 0, '62426694': 1, 'cluster_1098574052_1098574061_247379905': 1}, 
28600.0, {'247379907': -4.0, '252017285': 0, '256201389': 0, '26110729': -1.0, '280120513': 0, '32319828': 0, '62426694': 3.0, 'cluster_1098574052_1098574061_247379905': 5.0}, {'247379907': 1, '252017285': 0, '256201389': 0, '26110729': 1, '280120513': 0, '32319828': 0, '62426694': 0, 'cluster_1098574052_1098574061_247379905': 0}, {'247379907': 2, '252017285': 0, '256201389': 0, '26110729': 1, '280120513': 0, '32319828': 0, '62426694': 0, 'cluster_1098574052_1098574061_247379905': 0}, 
28610.0, {'247379907': 0.0, '252017285': 0, '256201389': 0, '26110729': -4.0, '280120513': -2.0, '32319828': 0, '62426694': 0, 'cluster_1098574052_1098574061_247379905': 0}, {'247379907': 2, '252017285': 0, '256201389': 0, '26110729': 1, '280120513': 1, '32319828': 0, '62426694': 0, 'cluster_1098574052_1098574061_247379905': 0}, {'247379907': 2, '252017285': 0, '256201389': 0, '26110729': 1, '280120513': 1, '32319828': 0, '62426694': 0, 'cluster_1098574052_1098574061_247379905': 0}, 
28620.0, {'247379907': 9.0, '252017285': -6.0, '256201389': 0, '26110729': 2.0, '280120513': 2.0, '32319828': 0, '62426694': 0, 'cluster_1098574052_1098574061_247379905': 0}, {'247379907': 0, '252017285': 1, '256201389': 0, '26110729': 1, '280120513': 0, '32319828': 0, '62426694': 0, 'cluster_1098574052_1098574061_247379905': 0}, {'247379907': 0, '252017285': 1, '256201389': 0, '26110729': 1, '280120513': 0, '32319828': 0, '62426694': 0, 'cluster_1098574052_1098574061_247379905': 0}, 
28630.0, {'247379907': -17.0, '252017285': 6.0, '256201389': 0, '26110729': 3.0, '280120513': 0, '32319828': 0, '62426694': 0, 'cluster_1098574052_1098574061_247379905': 0}, {'247379907': 4, '252017285': 0, '256201389': 0, '26110729': 0, '280120513': 0, '32319828': 0, '62426694': 0, 'cluster_1098574052_1098574061_247379905': 0}, {'247379907': 4, '252017285': 0, '256201389': 0, '26110729': 0, '280120513': 0, '32319828': 0, '62426694': 0, 'cluster_1098574052_1098574061_247379905': 0}, 
28640.0, {'247379907': -6.0, '252017285': 0, '256201389': 0, '26110729': -5.0, '280120513': 0, '32319828': 0, '62426694': 0, 'cluster_1098574052_1098574061_247379905': 0}, {'247379907': 1, '252017285': 0, '256201389': 0, '26110729': 1, '280120513': 0, '32319828': 0, '62426694': 0, 'cluster_1098574052_1098574061_247379905': 0}, {'247379907': 3, '252017285': 0, '256201389': 0, '26110729': 1, '280120513': 0, '32319828': 0, '62426694': 0, 'cluster_1098574052_1098574061_247379905': 0}, 
28650.0, {'247379907': 2.0, '252017285': 0, '256201389': 0, '26110729': 5.0, '280120513': 0, '32319828': 0, '62426694': 0, 'cluster_1098574052_1098574061_247379905': -4.0}, {'247379907': 1, '252017285': 0, '256201389': 0, '26110729': 0, '280120513': 0, '32319828': 0, '62426694': 0, 'cluster_1098574052_1098574061_247379905': 1}, {'247379907': 1, '252017285': 0, '256201389': 0, '26110729': 0, '280120513': 0, '32319828': 0, '62426694': 0, 'cluster_1098574052_1098574061_247379905': 1}, 
28660.0, {'247379907': 21.0, '252017285': 0, '256201389': 0, '26110729': -8.0, '280120513': 0, '32319828': 0, '62426694': 0, 'cluster_1098574052_1098574061_247379905': -2.0}, {'247379907': 0, '252017285': 0, '256201389': 0, '26110729': 1, '280120513': 0, '32319828': 0, '62426694': 0, 'cluster_1098574052_1098574061_247379905': 2}, {'247379907': 0, '252017285': 0, '256201389': 0, '26110729': 2, '280120513': 0, '32319828': 0, '62426694': 0, 'cluster_1098574052_1098574061_247379905': 2}, 
28670.0, {'247379907': -15.0, '252017285': 0, '256201389': 0, '26110729': 8.0, '280120513': 0, '32319828': 0, '62426694': 0, 'cluster_1098574052_1098574061_247379905': 2.0}, {'247379907': 3, '252017285': 0, '256201389': 0, '26110729': 0, '280120513': 0, '32319828': 0, '62426694': 0, 'cluster_1098574052_1098574061_247379905': 1}, {'247379907': 3, '252017285': 0, '256201389': 0, '26110729': 0, '280120513': 0, '32319828': 0, '62426694': 0, 'cluster_1098574052_1098574061_247379905': 1}, 
28680.0, {'247379907': 15.0, '252017285': -5.0, '256201389': 0, '26110729': -2.0, '280120513': 0, '32319828': 0, '62426694': 0, 'cluster_1098574052_1098574061_247379905': -13.0}, {'247379907': 0, '252017285': 1, '256201389': 0, '26110729': 1, '280120513': 0, '32319828': 0, '62426694': 0, 'cluster_1098574052_1098574061_247379905': 3}, {'247379907': 0, '252017285': 1, '256201389': 0, '26110729': 1, '280120513': 0, '32319828': 0, '62426694': 0, 'cluster_1098574052_1098574061_247379905': 3}, 
28690.0, {'247379907': 0, '252017285': 5.0, '256201389': 0, '26110729': 2.0, '280120513': -8.0, '32319828': 0, '62426694': 0, 'cluster_1098574052_1098574061_247379905': 17.0}, {'247379907': 0, '252017285': 0, '256201389': 0, '26110729': 0, '280120513': 1, '32319828': 0, '62426694': 0, 'cluster_1098574052_1098574061_247379905': 0}, {'247379907': 0, '252017285': 0, '256201389': 0, '26110729': 0, '280120513': 1, '32319828': 0, '62426694': 0, 'cluster_1098574052_1098574061_247379905': 0}, 
28700.0, {'247379907': -41.0, '252017285': -2.0, '256201389': 0, '26110729': -13.0, '280120513': 8.0, '32319828': 0, '62426694': 0, 'cluster_1098574052_1098574061_247379905': 0}, {'247379907': 3, '252017285': 1, '256201389': 0, '26110729': 2, '280120513': 0, '32319828': 0, '62426694': 0, 'cluster_1098574052_1098574061_247379905': 0}, {'247379907': 6, '252017285': 1, '256201389': 0, '26110729': 4, '280120513': 0, '32319828': 0, '62426694': 0, 'cluster_1098574052_1098574061_247379905': 0}, 
28710.0, {'247379907': -14.0, '252017285': 1.0, '256201389': 0, '26110729': 13.0, '280120513': 0, '32319828': 0, '62426694': 0, 'cluster_1098574052_1098574061_247379905': 0}, {'247379907': 5, '252017285': 1, '256201389': 0, '26110729': 0, '280120513': 0, '32319828': 0, '62426694': 0, 'cluster_1098574052_1098574061_247379905': 0}, {'247379907': 5, '252017285': 1, '256201389': 0, '26110729': 0, '280120513': 0, '32319828': 0, '62426694': 0, 'cluster_1098574052_1098574061_247379905': 0}, 
28720.0, {'247379907': 28.0, '252017285': 1.0, '256201389': 0, '26110729': 0, '280120513': 0, '32319828': 0, '62426694': 0, 'cluster_1098574052_1098574061_247379905': -7.0}, {'247379907': 2, '252017285': 0, '256201389': 0, '26110729': 0, '280120513': 0, '32319828': 0, '62426694': 0, 'cluster_1098574052_1098574061_247379905': 1}, {'247379907': 2, '252017285': 0, '256201389': 0, '26110729': 0, '280120513': 0, '32319828': 0, '62426694': 0, 'cluster_1098574052_1098574061_247379905': 1}, 
28730.0, {'247379907': 16.0, '252017285': -10.0, '256201389': 0, '26110729': 0, '280120513': -2.0, '32319828': 0, '62426694': 0, 'cluster_1098574052_1098574061_247379905': 7.0}, {'247379907': 1, '252017285': 1, '256201389': 0, '26110729': 0, '280120513': 1, '32319828': 0, '62426694': 0, 'cluster_1098574052_1098574061_247379905': 0}, {'247379907': 2, '252017285': 1, '256201389': 0, '26110729': 0, '280120513': 1, '32319828': 0, '62426694': 0, 'cluster_1098574052_1098574061_247379905': 0}, 
28740.0, {'247379907': 4.0, '252017285': 10.0, '256201389': 0, '26110729': -13.0, '280120513': 2.0, '32319828': 0, '62426694': 0, 'cluster_1098574052_1098574061_247379905': 0}, {'247379907': 1, '252017285': 0, '256201389': 0, '26110729': 2, '280120513': 0, '32319828': 0, '62426694': 0, 'cluster_1098574052_1098574061_247379905': 0}, {'247379907': 1, '252017285': 0, '256201389': 0, '26110729': 3, '280120513': 0, '32319828': 0, '62426694': 0, 'cluster_1098574052_1098574061_247379905': 0}, 
28750.0, {'247379907': 7.0, '252017285': 0, '256201389': 0, '26110729': 10.0, '280120513': 0, '32319828': 0, '62426694': 0, 'cluster_1098574052_1098574061_247379905': 0}, {'247379907': 0, '252017285': 0, '256201389': 0, '26110729': 1, '280120513': 0, '32319828': 0, '62426694': 0, 'cluster_1098574052_1098574061_247379905': 0}, {'247379907': 0, '252017285': 0, '256201389': 0, '26110729': 1, '280120513': 0, '32319828': 0, '62426694': 0, 'cluster_1098574052_1098574061_247379905': 0}, 
28760.0, {'247379907': 0, '252017285': 0, '256201389': 0, '26110729': 3.0, '280120513': 0, '32319828': 0, '62426694': 0, 'cluster_1098574052_1098574061_247379905': 0}, {'247379907': 0, '252017285': 0, '256201389': 0, '26110729': 0, '280120513': 0, '32319828': 0, '62426694': 0, 'cluster_1098574052_1098574061_247379905': 0}, {'247379907': 0, '252017285': 0, '256201389': 0, '26110729': 0, '280120513': 0, '32319828': 0, '62426694': 0, 'cluster_1098574052_1098574061_247379905': 0}, 
28770.0, {'247379907': 0, '252017285': 0, '256201389': 0, '26110729': -15.0, '280120513': 0, '32319828': 0, '62426694': 0, 'cluster_1098574052_1098574061_247379905': -2.0}, {'247379907': 0, '252017285': 0, '256201389': 0, '26110729': 1, '280120513': 0, '32319828': 0, '62426694': 0, 'cluster_1098574052_1098574061_247379905': 1}, {'247379907': 0, '252017285': 0, '256201389': 0, '26110729': 2, '280120513': 0, '32319828': 0, '62426694': 0, 'cluster_1098574052_1098574061_247379905': 1}, 
28780.0, {'247379907': -6.0, '252017285': 0, '256201389': 0, '26110729': 15.0, '280120513': 0, '32319828': 0, '62426694': 0, 'cluster_1098574052_1098574061_247379905': -10.0}, {'247379907': 1, '252017285': 0, '256201389': 0, '26110729': 0, '280120513': 0, '32319828': 0, '62426694': 0, 'cluster_1098574052_1098574061_247379905': 1}, {'247379907': 1, '252017285': 0, '256201389': 0, '26110729': 0, '280120513': 0, '32319828': 0, '62426694': 0, 'cluster_1098574052_1098574061_247379905': 1}, 
28790.0, {'247379907': 6.0, '252017285': -6.0, '256201389': 0, '26110729': 0, '280120513': 0, '32319828': 0, '62426694': -10.0, 'cluster_1098574052_1098574061_247379905': 9.0}, {'247379907': 0, '252017285': 1, '256201389': 0, '26110729': 0, '280120513': 0, '32319828': 0, '62426694': 1, 'cluster_1098574052_1098574061_247379905': 1}, {'247379907': 0, '252017285': 1, '256201389': 0, '26110729': 0, '280120513': 0, '32319828': 0, '62426694': 1, 'cluster_1098574052_1098574061_247379905': 1}, 
28800.0, {'247379907': 0, '252017285': -2.0, '256201389': 0, '26110729': -5.0, '280120513': -3.0, '32319828': 0, '62426694': 3.0, 'cluster_1098574052_1098574061_247379905': 3.0}, {'247379907': 0, '252017285': 2, '256201389': 0, '26110729': 1, '280120513': 1, '32319828': 0, '62426694': 2, 'cluster_1098574052_1098574061_247379905': 0}, {'247379907': 0, '252017285': 2, '256201389': 0, '26110729': 1, '280120513': 1, '32319828': 0, '62426694': 2, 'cluster_1098574052_1098574061_247379905': 0}, 
